Learning Curves:
Net:, Epoch:, Train Loss:, Train Error:,  Validation Loss:, Validation Error:
1,0,0.11835044445957113,9.396,0.1116690042680782,8.48
1,1,0.09192888827170362,7.276000000000001,0.08742646464556927,6.64
1,2,0.07860223007325941,6.069999999999999,0.07549972311269183,5.71
1,3,0.06972920350644315,5.319999999999999,0.06770579012802871,5.17
1,4,0.06351623464494753,4.868,0.06233593020948996,4.82
1,5,0.05862137865410963,4.49,0.05819632692571025,4.569999999999999
2,0,23.271173227347294,7.544,23.2588236155261,6.83
2,1,23.188045955958245,4.922,23.188193854762847,4.74
2,2,23.149766970018707,3.7760000000000002,23.161339737663972,3.8699999999999997
2,3,23.128936022705325,3.186,23.148830795292156,3.4799999999999995
2,4,23.115756977178254,2.784,23.143045324034773,3.32
2,5,23.102449731058016,2.4,23.137086764504716,3.2199999999999998
2,6,23.090282333617886,1.9959999999999998,23.131617358504585,3.06
2,7,23.080666492659425,1.66,23.128191260545904,2.93
2,8,23.073740287646125,1.4460000000000002,23.126646537995565,2.88
2,9,23.06869181711051,1.298,23.126623293619094,2.85
2,10,23.063183391892895,1.0999999999999999,23.125583614870028,2.82
2,11,23.05955489845673,0.9860000000000001,23.12579609795908,2.79
2,12,23.05571737747564,0.876,23.126277459044314,2.7199999999999998
2,13,23.052288791745898,0.79,23.126666862003226,2.7199999999999998
2,14,23.048658322259485,0.666,23.127435675620344,2.64
2,15,23.045709071480502,0.532,23.127660547143208,2.6
2,16,23.043803189008663,0.494,23.12913230772694,2.59
2,17,23.04169192610709,0.432,23.129951293170603,2.58
2,18,23.040357791398954,0.372,23.131654350393347,2.53
2,19,23.03880289876075,0.32,23.132846305078846,2.4699999999999998
2,20,23.03739014133005,0.298,23.134342364053637,2.54
3,0,23.272487945545762,7.518,23.25716320724995,6.819999999999999
3,1,23.18890136970124,4.926,23.187882488462638,4.79
3,2,23.148632867643194,3.7359999999999998,23.15922553462288,3.91
3,3,23.123254705235233,3.0140000000000002,23.143981046614705,3.45
3,4,23.10587316866562,2.4379999999999997,23.134177219895076,3.18
3,5,23.09439555210979,2.086,23.128976251640367,3.01
3,6,23.086087220122284,1.836,23.126637086078116,2.92
3,7,23.07843358737588,1.63,23.123909287361226,2.81
3,8,23.072648896618453,1.44,23.122839091332636,2.74
3,9,23.067944512313645,1.3339999999999999,23.122624662264837,2.74
3,10,23.06284480615797,1.154,23.123071973707933,2.78
3,11,23.05859373550452,0.9979999999999999,23.1231769758976,2.76
3,12,23.05489227985908,0.88,23.12518216539111,2.74
3,13,23.051873226573683,0.8019999999999999,23.127146222895842,2.71
3,14,23.04849512514726,0.658,23.127900210088754,2.62
3,15,23.04585574770805,0.582,23.129222103855597,2.6100000000000003
3,16,23.04410651899652,0.516,23.13095886261288,2.6
3,17,23.042660094078173,0.44999999999999996,23.13266386318961,2.56
3,18,23.040834579566397,0.382,23.13358351335157,2.56
3,19,23.039348647705,0.34199999999999997,23.135095080453436,2.5
3,20,23.037722857364194,0.28400000000000003,23.135950019159257,2.53
3,21,23.036330395399645,0.23800000000000002,23.136849718146458,2.45
3,22,23.03533294961256,0.22,23.138467233281443,2.45
3,23,23.034163772775024,0.186,23.138998395182174,2.44
3,24,23.033094823508215,0.15,23.139746640872037,2.44
3,25,23.032350892649013,0.128,23.14107166897182,2.45
3,26,23.031568420016775,0.094,23.141839022513032,2.42
3,27,23.03091428391278,0.076,23.142724419797517,2.41
3,28,23.030358239107546,0.066,23.14329632707357,2.42
3,29,23.0298390309047,0.055999999999999994,23.144011772033256,2.42
3,30,23.029447935076693,0.048,23.144746733804208,2.4299999999999997
3,31,23.029088574942737,0.04,23.14546925859188,2.45
3,32,23.028812918404252,0.03,23.146092221229605,2.45
3,33,23.028551404903688,0.024,23.14670099709055,2.44
3,34,23.02833007165086,0.018000000000000002,23.14735656257011,2.42
3,35,23.02814655281792,0.018000000000000002,23.147949749441604,2.39
3,36,23.02798332406483,0.016,23.14855202818329,2.41
3,37,23.027845154563117,0.012,23.149194802037254,2.39
3,38,23.027717886523046,0.012,23.149708072878322,2.39
3,39,23.02760327411525,0.008,23.150243475127112,2.39
3,40,23.027504320388548,0.006,23.150781288392427,2.41
3,41,23.027408577156667,0.006,23.151284881775858,2.4
3,42,23.027321290862897,0.006,23.151785820732197,2.39
3,43,23.02725184514243,0.006,23.152235063232272,2.41
3,44,23.027175770703302,0.006,23.152672863366988,2.42
3,45,23.027111477124784,0.004,23.153091216040014,2.44
3,46,23.02704904088734,0.004,23.153413072465085,2.42
3,47,23.026998901274908,0.004,23.153981745982765,2.42
3,48,23.026941073789043,0.004,23.154271529700473,2.42
3,49,23.02689327617337,0.004,23.15462760107923,2.41
3,50,23.026852410798874,0.002,23.15509353126502,2.42
4,0,23.275156674593603,7.636,23.25795401272662,6.76
4,1,23.193473489897297,5.124,23.189733555727567,4.72
4,2,23.15228453752351,3.8960000000000004,23.158270083493633,3.8600000000000003
4,3,23.126785110671747,3.116,23.13990322851242,3.36
4,4,23.109733948899844,2.5860000000000003,23.12954873668225,3.04
4,5,23.09900473722435,2.26,23.125303284752267,2.9000000000000004
4,6,23.08845302263056,1.958,23.120668155855803,2.8899999999999997
4,7,23.079283922707717,1.644,23.11650788870318,2.68
4,8,23.07226231741906,1.4080000000000001,23.114394906185506,2.5700000000000003
4,9,23.06717767513691,1.276,23.114008854186167,2.5
4,10,23.06248038438751,1.15,23.112929376551083,2.42
4,11,23.058253074148695,1.034,23.112664022134744,2.42
4,12,23.053697052472508,0.868,23.111686640695815,2.31
4,13,23.050438964914115,0.754,23.11303198197933,2.31
4,14,23.04841424467376,0.698,23.11437602806746,2.34
4,15,23.045647531568775,0.588,23.116470870797922,2.39
4,16,23.042547525329166,0.498,23.11730162613072,2.31
4,17,23.04016010926357,0.41200000000000003,23.118812864153846,2.36
4,18,23.038647155951107,0.34199999999999997,23.12098955752463,2.34
4,19,23.036751769945184,0.26,23.12137577494967,2.26
4,20,23.03574717367236,0.24,23.12232498745357,2.2399999999999998
5,0,23.23281320363392,6.364,23.223492679939735,5.779999999999999
5,1,23.165102198886853,4.244,23.171755246939096,4.33
5,2,23.13223703357478,3.25,23.150780713829775,3.8
5,3,23.113627942783236,2.78,23.142114635850806,3.5700000000000003
5,4,23.0970703398007,2.246,23.134957051079006,3.3300000000000005
5,5,23.088632368324706,1.994,23.13335347736624,3.2099999999999995
5,6,23.080972676979858,1.762,23.13300546383378,3.1300000000000003
5,7,23.071167668402055,1.438,23.129722209249962,2.9499999999999997
5,8,23.0619564736324,1.174,23.127035425270034,2.82
5,9,23.05436231849173,0.8920000000000001,23.12649781100742,2.7
5,10,23.049402676828237,0.7100000000000001,23.124206541609432,2.63
5,11,23.046341220255183,0.638,23.125321823560835,2.6
5,12,23.044434886205412,0.544,23.12799300040255,2.65
5,13,23.040922505631627,0.414,23.129856466783785,2.7199999999999998
5,14,23.039396865416375,0.378,23.132968234647215,2.67
5,15,23.037202198822,0.322,23.13342080235405,2.69
5,16,23.034913272348753,0.22799999999999998,23.13412084630322,2.6100000000000003
5,17,23.03400584031518,0.194,23.135636696521637,2.54
5,18,23.032656636275973,0.148,23.137071649645204,2.58
5,19,23.031434521031162,0.122,23.137557358946307,2.52
5,20,23.030318527729683,0.09,23.137954176134816,2.4699999999999998
6,0,23.198245446206755,5.464,23.19870443753602,5.29
6,1,23.166296115940693,4.598,23.181188254632765,4.88
6,2,23.13288688501816,3.592,23.160720718016528,3.92
6,3,23.087251578732705,2.092,23.13238115825218,3.1300000000000003
6,4,23.072687404218186,1.552,23.126706654259234,2.9499999999999997
6,5,23.060360749993574,1.164,23.123023194650834,2.71
6,6,23.06288045389342,1.198,23.128976423989645,2.79
6,7,23.063879136067126,1.294,23.147340738492854,2.96
6,8,23.05530499370216,1.008,23.133535411710433,2.58
6,9,23.04757985408501,0.72,23.136634678869164,2.39
6,10,23.04928131068766,0.8099999999999999,23.14194747110426,2.7
6,11,23.041215651336863,0.514,23.137261896716137,2.42
6,12,23.041710176061294,0.524,23.141225071772137,2.4
6,13,23.042579066683395,0.5640000000000001,23.143247287155425,2.54
6,14,23.039866824499807,0.48,23.148654782504327,2.5700000000000003
6,15,23.03428985384852,0.27999999999999997,23.14300845333806,2.42
6,16,23.036648913603287,0.348,23.153285503452153,2.5700000000000003
6,17,23.033430486019697,0.266,23.155159569487804,2.5100000000000002
6,18,23.031415868540904,0.196,23.147343456966006,2.44
6,19,23.03013927314362,0.134,23.147164439633457,2.25
6,20,23.02857373496805,0.062,23.151917269941908,2.3
7,0,23.312938342415496,9.092,23.289406541416337,8.309999999999999
7,1,23.219558924190434,6.23,23.21238350577854,5.7299999999999995
7,2,23.17132197134661,4.574,23.175148992722615,4.46
7,3,23.139101033589085,3.5319999999999996,23.1520002139028,3.7199999999999998
7,4,23.119742529359293,2.948,23.140603592884666,3.49
7,5,23.10602248768177,2.588,23.13357701744441,3.2399999999999998
7,6,23.09734831184973,2.34,23.131488156437484,3.04
7,7,23.08764050324271,1.976,23.128106551392055,2.9000000000000004
7,8,23.08115144829778,1.7680000000000002,23.12737267628456,2.91
7,9,23.07432420830499,1.538,23.126221201266628,2.77
7,10,23.06795779122813,1.348,23.125856566307835,2.67
7,11,23.0625151559429,1.16,23.12578802169983,2.63
7,12,23.056308841358447,0.966,23.12581560401118,2.53
7,13,23.05262182754713,0.844,23.12725482172778,2.55
7,14,23.049382861049235,0.742,23.12948830505153,2.55
7,15,23.046443528270874,0.6479999999999999,23.13029688094378,2.52
7,16,23.04387262267113,0.5579999999999999,23.130788740991722,2.54
7,17,23.041415032877683,0.47000000000000003,23.13180694349067,2.48
7,18,23.03939548531307,0.404,23.13229362930342,2.4699999999999998
7,19,23.03748620544985,0.326,23.13294991844056,2.5
7,20,23.035712350226124,0.256,23.133142336294185,2.44
8,0,23.304949533548317,8.358,23.282203725831483,7.61
8,1,23.221117282008482,5.82,23.21324456009476,5.34
8,2,23.175414318044684,4.412,23.1783087667833,4.22
8,3,23.146850916612866,3.53,23.158475067827275,3.7900000000000005
8,4,23.128273768472006,3.026,23.14667964440483,3.5000000000000004
8,5,23.114699147203286,2.65,23.139592762770256,3.32
8,6,23.10360322612325,2.346,23.134042701936302,3.2800000000000002
8,7,23.094523268436856,2.07,23.130172333738745,3.05
8,8,23.08711006394424,1.814,23.127752851072024,3.02
8,9,23.080894132900173,1.6219999999999999,23.126274882548184,2.97
8,10,23.07597990776914,1.498,23.125443975156166,2.87
8,11,23.0714486973285,1.354,23.124786217132424,2.8400000000000003
8,12,23.067363744683483,1.23,23.124208659879432,2.8000000000000003
8,13,23.063839938770332,1.126,23.123700230680143,2.6599999999999997
8,14,23.060383343308725,0.996,23.12333309859986,2.71
8,15,23.057443689809176,0.9039999999999999,23.123328210086573,2.58
8,16,23.054796641544588,0.8420000000000001,23.12368747259161,2.5700000000000003
8,17,23.05249151163339,0.77,23.124274204622218,2.53
8,18,23.049893039855856,0.67,23.124653403446853,2.54
8,19,23.04756881325367,0.5640000000000001,23.124562149128824,2.55
8,20,23.045698544489824,0.504,23.125465064932218,2.55
9,0,23.197659472983684,5.5120000000000005,23.200285836441058,5.3
9,1,23.151347203511442,4.002,23.169146122933775,4.43
9,2,23.143595507177025,3.8120000000000003,23.172388066771486,4.38
9,3,23.12688622968968,3.276,23.163620334494503,4.0
9,4,23.09648540686739,2.3800000000000003,23.14266276268755,3.2800000000000002
9,5,23.068984335535472,1.458,23.125972222650603,2.73
9,6,23.06956236811074,1.4540000000000002,23.13204674763914,2.8899999999999997
9,7,23.067054067073517,1.3860000000000001,23.131540414384286,2.77
9,8,23.055309858957134,1.018,23.125975574820234,2.53
9,9,23.05347479576652,0.918,23.134194945837134,2.44
9,10,23.06148085241446,1.142,23.15427609628081,2.91
9,11,23.047776351394354,0.738,23.13938737374035,2.5
9,12,23.055558743602802,0.9780000000000001,23.158588476720535,2.8899999999999997
9,13,23.039727196255004,0.482,23.133886396497015,2.4
9,14,23.03468120249524,0.28200000000000003,23.13768968295848,2.27
9,15,23.037003138772878,0.396,23.151442677934078,2.46
9,16,23.031636531520515,0.168,23.14056776217217,2.15
9,17,23.031121571449667,0.18,23.148493186353697,2.33
9,18,23.029785116908258,0.106,23.1445900759592,2.2399999999999998
9,19,23.027070460548707,0.01,23.14236599629512,2.1399999999999997
9,20,23.026692700647825,0.002,23.143846770133365,2.11
9,21,23.026424615406942,0.0,23.143990374610695,2.08
9,22,23.026320972310327,0.0,23.14446099390697,2.06
9,23,23.026257013477558,0.0,23.144836588795645,2.11
9,24,23.02621046577512,0.0,23.14537177040737,2.11
9,25,23.026174774547535,0.0,23.145916862887074,2.09
9,26,23.026146095079177,0.0,23.146416496024134,2.11
9,27,23.026122447010906,0.0,23.1469408107406,2.09
9,28,23.026102559777623,0.0,23.147484954944556,2.11
9,29,23.02608568864046,0.0,23.14802753524713,2.1
9,30,23.026071301646194,0.0,23.1484894030603,2.1
9,31,23.026058796325,0.0,23.14897888476892,2.08
9,32,23.026047650709,0.0,23.14942651591726,2.09
9,33,23.026037874853895,0.0,23.149848651563655,2.11
9,34,23.026029220315525,0.0,23.150296677227896,2.11
9,35,23.02602115602145,0.0,23.150687784312893,2.11
9,36,23.026014124987764,0.0,23.151090079150304,2.11
9,37,23.02600745716311,0.0,23.151495847497134,2.11
9,38,23.02600145678183,0.0,23.15183112713161,2.11
9,39,23.02599593448349,0.0,23.15222034070077,2.1
9,40,23.025990904995297,0.0,23.152573319522837,2.1
10,0,23.1953002127876,5.4,23.194618178119214,5.1499999999999995
10,1,23.143406927147517,3.7479999999999998,23.163880702218986,4.21
10,2,23.121983166959236,3.1,23.154612931063433,3.94
10,3,23.11359463955606,2.796,23.156438410049695,3.6999999999999997
10,4,23.08929464009051,2.084,23.144061701168027,3.15
10,5,23.083309194133285,1.8960000000000001,23.146628992880533,3.2099999999999995
10,6,23.076218487567463,1.644,23.146346678408854,3.06
10,7,23.061100565688246,1.162,23.138720907143664,2.7199999999999998
10,8,23.053067168160567,0.8999999999999999,23.138123729018158,2.52
10,9,23.06066692755754,1.1400000000000001,23.155247994696467,2.81
10,10,23.043941162742033,0.6,23.141184901943042,2.48
10,11,23.0493802817515,0.76,23.149540645355533,2.53
10,12,23.054674337849193,0.936,23.162522748660408,2.85
10,13,23.05315288891231,0.8880000000000001,23.158046648886778,2.75
10,14,23.04200016628783,0.562,23.1587734867355,2.5700000000000003
10,15,23.050813423055175,0.7040000000000001,23.16892717255949,2.54
10,16,23.057281232035187,0.968,23.179827329076762,2.91
10,17,23.03136456657501,0.186,23.149939066869624,2.33
10,18,23.02970730160008,0.122,23.14689308958783,2.18
10,19,23.027542614673663,0.036000000000000004,23.147059587506487,2.15
10,20,23.026387516443947,0.0,23.141871944850475,2.1
10,21,23.026257447467145,0.0,23.14330682676668,2.07
10,22,23.026189844516157,0.0,23.1443028810526,2.08
10,23,23.02615221929709,0.0,23.14522567353486,2.09
10,24,23.026124094044455,0.0,23.14609888507737,2.1
10,25,23.02610026912482,0.0,23.14678953473571,2.08
10,26,23.026080754796855,0.0,23.14751819411269,2.09
10,27,23.0260639388867,0.0,23.14813037608685,2.09
10,28,23.02604994165191,0.0,23.148816874656255,2.08
10,29,23.02603722597364,0.0,23.149385271895042,2.08
10,30,23.02602669517313,0.0,23.149934595654702,2.07
10,31,23.026016968735618,0.0,23.150490163851217,2.07
10,32,23.026008742096284,0.0,23.15102787379387,2.07
10,33,23.026000820238448,0.0,23.151481120526274,2.07
10,34,23.025993724659138,0.0,23.151909421427607,2.07
10,35,23.02598737434189,0.0,23.15237811036179,2.07
10,36,23.02598131417197,0.0,23.152807094928157,2.07
10,37,23.02597616572964,0.0,23.15316729655453,2.07
10,38,23.025971337357817,0.0,23.153567500934674,2.08
10,39,23.025966631785888,0.0,23.15393932315954,2.08
10,40,23.025962438260727,0.0,23.154285053436457,2.07
10,41,23.025958467159032,0.0,23.154714432205708,2.07
10,42,23.025954901476354,0.0,23.155016281690344,2.07
10,43,23.02595131765558,0.0,23.15535176441872,2.08
10,44,23.025948290670627,0.0,23.1556760249934,2.08
10,45,23.025945182126556,0.0,23.155996123457477,2.08
10,46,23.02594230615049,0.0,23.156304548691168,2.08
10,47,23.02593978304726,0.0,23.15660097518858,2.07
10,48,23.025937284334002,0.0,23.156869099782522,2.08
10,49,23.025934830189776,0.0,23.157194100849686,2.08
10,50,23.025932547583373,0.0,23.157468811700227,2.08
10,51,23.025930372499147,0.0,23.15772583108322,2.08
10,52,23.025928468776577,0.0,23.1579714600112,2.09
10,53,23.025926593257495,0.0,23.158240063261275,2.09
10,54,23.025924693522402,0.0,23.158513336708218,2.09
10,55,23.0259230133515,0.0,23.158750755053134,2.09
10,56,23.02592137302992,0.0,23.158997969234026,2.08
10,57,23.025919736790996,0.0,23.15925682435312,2.08
10,58,23.025918265033035,0.0,23.15948606389421,2.07
10,59,23.02591681027911,0.0,23.159718260014042,2.07
10,60,23.025915551075027,0.0,23.15993215255484,2.08
11,0,23.200766675655878,5.384,23.195113669745066,4.9799999999999995
11,1,23.141926603316218,3.5900000000000003,23.156817280479057,3.7900000000000005
11,2,23.11973397687268,2.968,23.148234837256965,3.54
11,3,23.097958525914414,2.326,23.138315121804432,3.3000000000000003
11,4,23.08256828550805,1.8339999999999999,23.129388578880707,3.0
11,5,23.069912905727044,1.394,23.12409476097314,2.9000000000000004
11,6,23.063004467362944,1.17,23.122131858859245,2.79
11,7,23.058346728357424,1.036,23.123422351008454,2.7199999999999998
11,8,23.053622742113074,0.852,23.12402241568938,2.64
11,9,23.0479641923548,0.6779999999999999,23.12301441421189,2.5700000000000003
11,10,23.04412318170127,0.544,23.123966650179007,2.5700000000000003
11,11,23.041017583835682,0.438,23.12648652510324,2.52
11,12,23.039309020601074,0.388,23.131204306872235,2.46
11,13,23.04081686185451,0.494,23.138987070056935,2.54
11,14,23.034845118692377,0.25,23.13205940967247,2.33
11,15,23.03294820768625,0.186,23.13383806370888,2.32
11,16,23.0316425634096,0.128,23.134973056167357,2.29
11,17,23.030504028738378,0.096,23.136435552314683,2.27
11,18,23.029582833930093,0.07200000000000001,23.137201106404607,2.25
11,19,23.028923416677397,0.044000000000000004,23.138193980585992,2.1999999999999997
11,20,23.028295821169166,0.022000000000000002,23.138737437732125,2.16
11,21,23.02793002999321,0.012,23.139880758752437,2.18
11,22,23.027577027859092,0.008,23.14017595787876,2.15
11,23,23.027322110181792,0.002,23.140965789577244,2.19
11,24,23.02712080563077,0.002,23.141440008906542,2.15
11,25,23.026966742291464,0.002,23.142141851371964,2.19
11,26,23.026841141184192,0.002,23.142565845611447,2.17
11,27,23.026747613968073,0.002,23.143309958463075,2.16
11,28,23.026660866128356,0.002,23.143937844871374,2.19
11,29,23.026594551165964,0.002,23.14459062513744,2.1999999999999997
11,30,23.026535355977245,0.0,23.145063929534953,2.18
11,31,23.026484946721652,0.0,23.145813722665263,2.19
11,32,23.02644311600621,0.0,23.146392456895324,2.22
11,33,23.026406063052374,0.0,23.146953055768552,2.21
11,34,23.02637275947338,0.0,23.14751556144194,2.22
11,35,23.02634207631307,0.0,23.14811803413473,2.21
11,36,23.02631507697188,0.0,23.148585521815868,2.1999999999999997
11,37,23.026291909733825,0.0,23.149163587714074,2.1999999999999997
11,38,23.02626993044712,0.0,23.149635459104008,2.1999999999999997
11,39,23.026248908422414,0.0,23.150089706752468,2.1999999999999997
11,40,23.0262315124136,0.0,23.15058900181843,2.22
11,41,23.02621455804581,0.0,23.151065779685457,2.23
11,42,23.026199663955303,0.0,23.151510899867688,2.23
11,43,23.026184584217734,0.0,23.1518877765378,2.23
11,44,23.026171590585005,0.0,23.152378226773536,2.23
11,45,23.02615941349622,0.0,23.15284144267854,2.22
11,46,23.02614806821532,0.0,23.153165307406464,2.22
11,47,23.02613728677813,0.0,23.153591773560127,2.22
11,48,23.026127165956435,0.0,23.15397270384596,2.22
11,49,23.026117830442487,0.0,23.154324229705434,2.23
11,50,23.026109232055614,0.0,23.1547164775417,2.23
11,51,23.026100828460507,0.0,23.155092473013163,2.23
11,52,23.02609300742828,0.0,23.15543660055907,2.23
11,53,23.026085917921243,0.0,23.155805871773122,2.23
11,54,23.026078673985122,0.0,23.156126513939565,2.23
11,55,23.026072366911798,0.0,23.156464873661143,2.23
11,56,23.026066207796912,0.0,23.156789002739714,2.23
11,57,23.026060352774163,0.0,23.157107390470077,2.23
11,58,23.026054800178795,0.0,23.15740693948362,2.23
11,59,23.026049371344662,0.0,23.157729976064385,2.23
11,60,23.02604439578231,0.0,23.157991794400054,2.23
12,0,23.19502645819124,5.1339999999999995,23.189415053396228,4.63
12,1,23.140513684520023,3.572,23.152835949931927,3.64
12,2,23.111074372805188,2.65,23.138804478825243,3.19
12,3,23.095407157823356,2.238,23.131773608970516,3.0300000000000002
12,4,23.08579970331204,1.9220000000000002,23.129800742916576,3.0
12,5,23.07635486663562,1.656,23.127978462107396,2.68
12,6,23.069060851995243,1.4460000000000002,23.126444316152657,2.71
12,7,23.06158206984991,1.188,23.126723005999665,2.6100000000000003
12,8,23.056665058589854,1.042,23.126336024498478,2.53
12,9,23.049777839176137,0.776,23.125268874482916,2.42
12,10,23.04562470934083,0.662,23.127538553961518,2.29
12,11,23.04230037886591,0.5539999999999999,23.12830630072893,2.2800000000000002
12,12,23.042712304245295,0.5539999999999999,23.132207557197475,2.37
12,13,23.036791383762242,0.326,23.131884287772134,2.2800000000000002
12,14,23.03533227382137,0.292,23.133163755867066,2.3
12,15,23.032394442941104,0.16999999999999998,23.132318068627384,2.23
12,16,23.032399779367452,0.182,23.135129503406613,2.3
12,17,23.030121127792206,0.082,23.13442746753567,2.21
12,18,23.028995614692747,0.06,23.135080242026106,2.19
12,19,23.028428157409344,0.036000000000000004,23.135784098074655,2.19
12,20,23.027985270417105,0.018000000000000002,23.136571839239846,2.1999999999999997
12,21,23.027666394475478,0.012,23.137383187332365,2.17
12,22,23.02741317816411,0.004,23.138008425479185,2.18
12,23,23.0272200291655,0.004,23.138772621538074,2.16
12,24,23.02706041489401,0.002,23.139365327590944,2.1399999999999997
12,25,23.02693677631396,0.002,23.140069785599533,2.1399999999999997
12,26,23.026829046731958,0.002,23.140730021906965,2.15
12,27,23.026740855934435,0.002,23.141372665373293,2.16
12,28,23.026667157847655,0.0,23.142086702467463,2.15
12,29,23.02660231126084,0.0,23.142582882401015,2.15
12,30,23.02654648377305,0.0,23.14317529359138,2.1399999999999997
12,31,23.026497698103864,0.0,23.143823683237454,2.13
12,32,23.026455983586892,0.0,23.144301182535187,2.13
12,33,23.026416771507318,0.0,23.144847838236075,2.1399999999999997
12,34,23.02638347956558,0.0,23.145403287344536,2.1399999999999997
12,35,23.026353487100643,0.0,23.145843812416395,2.1399999999999997
12,36,23.026326221347507,0.0,23.146382386485627,2.1399999999999997
12,37,23.026301225759187,0.0,23.14684560168063,2.1399999999999997
12,38,23.026278589106077,0.0,23.147283533936047,2.1399999999999997
12,39,23.026258164440467,0.0,23.147703532305872,2.1399999999999997
12,40,23.02623934062649,0.0,23.14815263835006,2.1399999999999997
12,41,23.026221004667423,0.0,23.148546278092127,2.1399999999999997
12,42,23.026205690401934,0.0,23.148987441250767,2.15
12,43,23.02618994152162,0.0,23.149355485415835,2.1399999999999997
12,44,23.026177285912194,0.0,23.149722830028495,2.15
12,45,23.026164028380077,0.0,23.150156958950344,2.15
12,46,23.026152452558723,0.0,23.15048485413451,2.1399999999999997
12,47,23.026141148349662,0.0,23.15085568380377,2.1399999999999997
12,48,23.026130967151644,0.0,23.151194184272242,2.1399999999999997
12,49,23.026121111500835,0.0,23.151561396216117,2.1399999999999997
12,50,23.026111998718832,0.0,23.151895441772357,2.1399999999999997
12,51,23.026103467849072,0.0,23.152195056097703,2.13
12,52,23.026095581786617,0.0,23.152569414234637,2.13
12,53,23.02608802977563,0.0,23.15285007689239,2.13
12,54,23.026080986872262,0.0,23.153184075029582,2.13
12,55,23.026074199543526,0.0,23.15346855940583,2.12
12,56,23.026067830474478,0.0,23.15374722979124,2.11
12,57,23.02606170442907,0.0,23.154067738797316,2.12
12,58,23.02605612346467,0.0,23.15434982839687,2.11
12,59,23.026050792003858,0.0,23.15463321595123,2.11
12,60,23.026045504424108,0.0,23.154887428756307,2.11
12,61,23.026040490839343,0.0,23.155161158490415,2.11
12,62,23.026035740202552,0.0,23.155465934808614,2.11
12,63,23.026031428922824,0.0,23.155683007646125,2.12
12,64,23.026027000947998,0.0,23.155953186549432,2.13
12,65,23.026022762053305,0.0,23.156243416589742,2.13
12,66,23.026018928662882,0.0,23.156464957675507,2.13
12,67,23.026015076273232,0.0,23.156722668804026,2.1399999999999997
12,68,23.026011456385778,0.0,23.1569451831801,2.1399999999999997
12,69,23.026008088881714,0.0,23.157180584617254,2.1399999999999997
12,70,23.02600472485298,0.0,23.157435970971992,2.1399999999999997
12,71,23.02600150553048,0.0,23.157658959469554,2.1399999999999997
12,72,23.025998388030477,0.0,23.15788893513807,2.1399999999999997
12,73,23.0259953580041,0.0,23.158114702878915,2.1399999999999997
12,74,23.025992567711473,0.0,23.158353778113675,2.1399999999999997
12,75,23.025989771597562,0.0,23.158568078480194,2.1399999999999997
12,76,23.025987172202807,0.0,23.158773124510063,2.1399999999999997
12,77,23.025984578927204,0.0,23.15900590574628,2.1399999999999997
12,78,23.02598210876174,0.0,23.15921274223847,2.1399999999999997
12,79,23.02597963002731,0.0,23.15943649663979,2.1399999999999997
12,80,23.02597733856336,0.0,23.159606282874268,2.1399999999999997
13,0,23.19029361565674,5.268,23.193295776880415,5.12
13,1,23.130327432744537,3.282,23.15071254441109,3.53
13,2,23.103420718418356,2.448,23.137483977195615,3.11
13,3,23.088536761347754,1.9640000000000002,23.135716923120878,3.1300000000000003
13,4,23.092226922873984,2.104,23.148235507465515,3.17
13,5,23.07340416783111,1.558,23.14045495883225,2.8899999999999997
13,6,23.072523917779904,1.5779999999999998,23.144676625855524,2.93
13,7,23.06097900615727,1.198,23.139499314576042,2.6100000000000003
13,8,23.056292912854044,1.008,23.13394849420057,2.6
13,9,23.05575903385315,1.006,23.144374954520476,2.54
13,10,23.048605594509848,0.728,23.14540260443323,2.4
13,11,23.05723543562341,0.9860000000000001,23.161371529978215,2.63
13,12,23.070891572198718,1.504,23.161560548429776,2.9899999999999998
13,13,23.065086578455983,1.212,23.159778415832186,2.91
13,14,23.03961056618761,0.45399999999999996,23.144529116935807,2.52
13,15,23.048597939082477,0.73,23.160524478252263,2.54
13,16,23.047567677820837,0.67,23.16678410704259,2.67
13,17,23.040592212335916,0.54,23.167809220860445,2.3800000000000003
13,18,23.03670190153575,0.358,23.162643482900044,2.48
13,19,23.038683506440076,0.424,23.169117272666643,2.45
13,20,23.04310636135084,0.536,23.163924444885957,2.44
14,0,23.204047864892328,5.634,23.20803335396032,5.58
14,1,23.172082205566067,4.588,23.192620366799364,4.81
14,2,23.138777027901266,3.636,23.171520719198604,4.26
14,3,23.108540591054865,2.536,23.151955337057785,3.4000000000000004
14,4,23.07050949936693,1.4160000000000001,23.136645121348632,2.86
14,5,23.089164041748294,1.9619999999999997,23.16511450599402,3.3300000000000005
14,6,23.062656710379795,1.176,23.146503671696717,2.65
14,7,23.064694812125534,1.266,23.151872425511996,2.8400000000000003
14,8,23.052919206918393,0.9079999999999999,23.141279741339893,2.5700000000000003
14,9,23.04993270073182,0.8059999999999999,23.144898467811622,2.58
14,10,23.052900054371296,0.8699999999999999,23.15662808836075,2.52
14,11,23.0547200399688,0.9039999999999999,23.169063353140317,2.75
14,12,23.054227322290075,0.8999999999999999,23.172286623431585,2.64
14,13,23.046947856404806,0.6799999999999999,23.16497421023189,2.45
14,14,23.047244449224213,0.696,23.177623880735535,2.56
14,15,23.04025923063957,0.48,23.17278448508814,2.42
14,16,23.03790619553327,0.43,23.18252416590638,2.48
14,17,23.036993730006888,0.396,23.18450897644643,2.41
14,18,23.054008618579566,0.776,23.192568074182216,2.6
14,19,23.04304029284874,0.512,23.17140697338554,2.33
14,20,23.04062524685242,0.47400000000000003,23.185250962964567,2.29
15,0,23.252648305843152,7.12,23.24040205864983,6.41
15,1,23.16572998797492,4.417999999999999,23.171707121338994,4.43
15,2,23.126889922313648,3.144,23.144514190965197,3.88
15,3,23.107180761007903,2.538,23.133182171110814,3.4799999999999995
15,4,23.09295342636298,2.098,23.1279786265194,3.16
15,5,23.081931284149483,1.748,23.123881606057036,3.01
15,6,23.073770210575898,1.51,23.121469372943917,2.81
15,7,23.066837664841014,1.282,23.120836468275062,2.8000000000000003
15,8,23.06252200964936,1.13,23.12226322345965,2.78
15,9,23.057972815640966,0.97,23.122502062389927,2.78
15,10,23.05640418586365,0.942,23.126810697804466,2.79
15,11,23.050860414958372,0.74,23.125142623562017,2.71
15,12,23.047624737534708,0.64,23.125883534210338,2.65
15,13,23.044062368669525,0.504,23.12596445852298,2.58
15,14,23.041563165282703,0.432,23.12746753473385,2.55
15,15,23.039382393214744,0.35200000000000004,23.12844590205003,2.44
15,16,23.037287722297506,0.27399999999999997,23.12947268964007,2.44
15,17,23.035662811265308,0.22,23.130730900279975,2.44
15,18,23.03426637556742,0.17600000000000002,23.13264572087651,2.42
15,19,23.033001521114386,0.14200000000000002,23.134565245281745,2.39
15,20,23.03197252126887,0.092,23.136075851406066,2.36
16,0,23.30050315543016,8.155999999999999,23.278645136318975,7.2700000000000005
16,1,23.22195415666486,5.902,23.213229253892152,5.41
16,2,23.181594276394122,4.658,23.182173276580514,4.45
16,3,23.155298842555034,3.8600000000000003,23.163941617964294,3.7600000000000002
16,4,23.137566956783985,3.398,23.152799966573202,3.49
16,5,23.124053292274116,2.9579999999999997,23.144832845203663,3.2800000000000002
16,6,23.11171327683402,2.5700000000000003,23.138145615657358,3.15
16,7,23.103029797119596,2.3040000000000003,23.1342951613726,3.1300000000000003
16,8,23.09535378566149,2.09,23.130695836511546,3.06
16,9,23.089258272313607,1.9460000000000002,23.128515650121365,2.98
16,10,23.08324183016118,1.772,23.126288082912755,2.8000000000000003
16,11,23.078080275130542,1.592,23.125041006233154,2.77
16,12,23.073594540266818,1.438,23.12412576016486,2.75
16,13,23.069211432191967,1.2919999999999998,23.122904525930963,2.75
16,14,23.066061526272083,1.188,23.12332507447591,2.83
16,15,23.063334721899267,1.1159999999999999,23.123494985765998,2.82
16,16,23.060157162290547,1.044,23.12332986267228,2.75
16,17,23.057415666401862,0.954,23.123598945852358,2.78
16,18,23.05511725400113,0.898,23.124177969787254,2.78
16,19,23.053276323739706,0.828,23.125272064388792,2.76
16,20,23.05089851763894,0.742,23.125056154944932,2.7199999999999998
17,0,23.337510264018285,9.388,23.308913562855388,8.23
17,1,23.244599899393595,6.386,23.23092386616416,5.83
17,2,23.199323523300457,5.0200000000000005,23.193991285316567,4.6
17,3,23.171187908130307,4.238,23.17235711871176,4.09
17,4,23.15155439099419,3.6859999999999995,23.158155528514285,3.6999999999999997
17,5,23.136782218003347,3.234,23.148205202132708,3.51
17,6,23.125172417818295,2.92,23.141203576932853,3.44
17,7,23.11573840210571,2.626,23.13554250043737,3.15
17,8,23.107798855524862,2.398,23.131144439678796,3.06
17,9,23.101115744493146,2.22,23.127869763810466,2.97
17,10,23.095601342196773,2.0500000000000003,23.125604116268654,2.93
17,11,23.090324328968563,1.8880000000000001,23.12341604790321,2.91
17,12,23.086041097534437,1.7500000000000002,23.122038721076535,2.87
17,13,23.08148207830609,1.59,23.12035806170506,2.82
17,14,23.077578664092364,1.484,23.119215694419655,2.73
17,15,23.073784076061592,1.354,23.11811000096826,2.69
17,16,23.070856113647526,1.2919999999999998,23.117779170208976,2.6
17,17,23.067463587222587,1.184,23.11694339175084,2.55
17,18,23.064682581536943,1.106,23.116511615603958,2.53
17,19,23.061731066951392,1.016,23.116033963552535,2.54
17,20,23.059403256450853,0.936,23.115977174339267,2.55
18,0,23.414329861876062,11.676,23.38018292996445,10.43
18,1,23.298390890825946,8.222,23.280087079940568,7.4399999999999995
18,2,23.252739401341096,6.854,23.242228406527317,6.3100000000000005
18,3,23.224630562864217,5.994,23.220605757285725,5.62
18,4,23.202467935506515,5.351999999999999,23.20412484728395,5.319999999999999
18,5,23.183617679757084,4.758,23.190613703528964,4.95
18,6,23.16814471636806,4.33,23.179932408660566,4.5600000000000005
18,7,23.15504356562363,3.934,23.17090994212737,4.18
18,8,23.143545371100668,3.5860000000000003,23.163237785549338,3.8699999999999997
18,9,23.13402039866554,3.2419999999999995,23.157002375183268,3.65
18,10,23.1254050102463,3.008,23.15144636425571,3.46
18,11,23.118296702629795,2.746,23.147083454186376,3.34
18,12,23.112257463238524,2.55,23.14379591113628,3.2300000000000004
18,13,23.10661616308728,2.398,23.140591414358003,3.16
18,14,23.101714828801235,2.23,23.138006476364513,3.1300000000000003
18,15,23.09717774530644,2.076,23.1356328751128,3.09
18,16,23.092960336038704,1.932,23.133445813112914,2.93
18,17,23.08925006526933,1.806,23.131736561850186,2.91
18,18,23.08577979273628,1.7080000000000002,23.13028371356391,2.86
18,19,23.082601639975362,1.6199999999999999,23.129159309235103,2.82
18,20,23.079664304304238,1.542,23.12821779809598,2.83
19,0,23.488569618041247,14.12,23.44933373523742,12.540000000000001
19,1,23.308541039959024,8.662,23.288200712687075,7.79
19,2,23.25251090636955,6.84,23.241073008218933,6.23
19,3,23.218308608218347,5.748,23.213342389687142,5.34
19,4,23.194126688726634,4.992,23.194474604333703,4.78
19,5,23.175442183221026,4.392,23.180617213157028,4.43
19,6,23.161011819970017,4.018,23.170305659774527,4.16
19,7,23.14898035798978,3.644,23.161943186179506,3.9800000000000004
19,8,23.138611873920183,3.374,23.15514319415074,3.7699999999999996
19,9,23.129720383387237,3.088,23.149415933745885,3.66
19,10,23.121962559857554,2.8080000000000003,23.14490082146529,3.5700000000000003
19,11,23.115344224644765,2.598,23.141170917897195,3.4000000000000004
19,12,23.10916377019881,2.418,23.138019908007134,3.2800000000000002
19,13,23.104129508303863,2.268,23.135458040045076,3.1399999999999997
19,14,23.099425076367794,2.152,23.132964513776223,3.08
19,15,23.095016120238217,2.0140000000000002,23.131002052663593,3.02
19,16,23.090879942678182,1.892,23.129228913192545,2.94
19,17,23.08684001248563,1.744,23.127398696266738,2.88
19,18,23.083379594306948,1.6480000000000001,23.12631277822557,2.9000000000000004
19,19,23.07999450649455,1.532,23.124921140819247,2.88
19,20,23.07700437697156,1.444,23.12400429038358,2.86
19,21,23.074326344913455,1.362,23.123352150868623,2.8400000000000003
19,22,23.071566661075302,1.286,23.122443977088437,2.82
19,23,23.069078233436848,1.214,23.12182030121289,2.79
19,24,23.06683714749654,1.134,23.121596983563933,2.77
19,25,23.06494181463612,1.0739999999999998,23.121496121959545,2.76
19,26,23.06287863307432,1.0,23.121262409235324,2.73
19,27,23.061088687436786,0.936,23.12113178201431,2.76
19,28,23.05939862021237,0.886,23.121286093488123,2.78
19,29,23.05776438627755,0.8240000000000001,23.12130266527515,2.77
19,30,23.055974770194325,0.776,23.121070115721412,2.75
19,31,23.05435544863192,0.72,23.12089727877147,2.71
19,32,23.05296449634386,0.6779999999999999,23.12107346070255,2.68
19,33,23.051675706612546,0.638,23.12124334753237,2.6599999999999997
19,34,23.050304858547893,0.592,23.121263989828247,2.67
19,35,23.049154969621785,0.5579999999999999,23.12156411313458,2.64
19,36,23.04810440271844,0.52,23.121933018775728,2.63
19,37,23.046953341305734,0.49,23.122026624480018,2.63
19,38,23.045964336135004,0.44600000000000006,23.12228748416647,2.62
19,39,23.044974579865354,0.418,23.12261204413787,2.64
19,40,23.044095551830345,0.382,23.12304238824358,2.67
20,0,23.4167813638899,11.926,23.381993646761103,10.67
20,1,23.293722512118922,8.048,23.27157037030965,7.66
20,2,23.248669431969333,6.78,23.23251150947945,6.29
20,3,23.2176341963646,5.811999999999999,23.207401049588974,5.319999999999999
20,4,23.19411605338336,5.096,23.189626465132477,4.78
20,5,23.176434402582046,4.585999999999999,23.177191687811494,4.41
20,6,23.16164924968511,4.098,23.167198939556222,4.09
20,7,23.14998193745533,3.778,23.159765571362815,3.8699999999999997
20,8,23.139693080138372,3.428,23.153375788755696,3.63
20,9,23.13117325419908,3.1419999999999995,23.148511931246645,3.55
20,10,23.123374941085597,2.894,23.144018675253132,3.39
20,11,23.116621275504734,2.7,23.14049575553036,3.3300000000000005
20,12,23.1100252394393,2.494,23.13698831471031,3.2300000000000004
20,13,23.10445862210296,2.346,23.134289521947778,3.09
20,14,23.09950143346275,2.186,23.131827393636854,3.08
20,15,23.094496673915597,2.008,23.12938005371408,3.01
20,16,23.09024793635461,1.854,23.127468175135363,2.9899999999999998
20,17,23.08659036084403,1.718,23.126057213788542,2.9499999999999997
20,18,23.08312976960581,1.5959999999999999,23.124680129210468,2.91
20,19,23.080088849523833,1.512,23.123576352917198,2.87
20,20,23.07717613381041,1.424,23.12252941981087,2.8899999999999997
20,21,23.074535095997014,1.3559999999999999,23.121574165010916,2.88
20,22,23.07222073291144,1.298,23.121015306749406,2.82
20,23,23.069926520216455,1.218,23.12037591930382,2.77
20,24,23.067981560065853,1.166,23.1201613566053,2.78
20,25,23.066015006819153,1.1079999999999999,23.11978930655502,2.83
20,26,23.063987356381393,1.06,23.1193374071999,2.83
20,27,23.062352067471732,1.002,23.119394075548016,2.8000000000000003
20,28,23.060607782095303,0.9400000000000001,23.119135523154107,2.75
20,29,23.0589365059654,0.878,23.118862682793765,2.69
20,30,23.057449142518877,0.822,23.118742354551962,2.6599999999999997
20,31,23.055802677488174,0.788,23.11865260288188,2.59
20,32,23.054538233917555,0.764,23.118707244086668,2.58
20,33,23.053084227985874,0.714,23.118603945312447,2.54
20,34,23.051845300324302,0.674,23.118689311253743,2.53
20,35,23.050555669032292,0.624,23.11871030797177,2.53
20,36,23.049388522833073,0.5680000000000001,23.118624907469222,2.52
20,37,23.04839079667644,0.532,23.11892430419751,2.5100000000000002
20,38,23.047385871792375,0.52,23.11906591226131,2.46
20,39,23.04629548542435,0.47800000000000004,23.119382435978313,2.44
20,40,23.045409882369704,0.45599999999999996,23.11943494858772,2.44
20,41,23.044539634740758,0.424,23.119625990920714,2.41
20,42,23.043651853283727,0.38,23.11990786121089,2.4299999999999997
20,43,23.042836243034735,0.348,23.12016041902934,2.4299999999999997
20,44,23.04213341020003,0.32,23.12039883695446,2.41
20,45,23.04139965724344,0.296,23.12070179127503,2.46
20,46,23.040633950015806,0.268,23.120855070748547,2.45
20,47,23.040034035302924,0.252,23.12122762940016,2.46
20,48,23.039414240536956,0.22799999999999998,23.12150765581677,2.45
20,49,23.038867063353234,0.20400000000000001,23.121797142611307,2.42
20,50,23.038323710985313,0.192,23.12215354218431,2.4299999999999997
20,51,23.03780227647095,0.17600000000000002,23.122602952743605,2.46
20,52,23.037325672538874,0.166,23.122863004497038,2.48
20,53,23.036877109975563,0.154,23.123312026713858,2.4699999999999998
20,54,23.036479138398775,0.13799999999999998,23.123649203621717,2.46
20,55,23.03602961016828,0.11800000000000001,23.12390040409577,2.48
20,56,23.03563423830219,0.11,23.124347090857412,2.4699999999999998
20,57,23.035279616662088,0.106,23.124681410228522,2.48
20,58,23.03492946185259,0.094,23.125141166317572,2.46
20,59,23.034569395767154,0.08800000000000001,23.125395217753873,2.48
20,60,23.034266654054168,0.076,23.125778589014338,2.48
21,0,23.4271791126571,12.066,23.39039841241681,10.75
21,1,23.29926398053274,8.200000000000001,23.277217378406228,7.449999999999999
21,2,23.25286648960886,6.851999999999999,23.238676664555026,6.18
21,3,23.222129334713244,5.922000000000001,23.214208049911576,5.55
21,4,23.200112872319327,5.322,23.19778305197466,5.029999999999999
21,5,23.18256555837924,4.782,23.18519680006231,4.590000000000001
21,6,23.168572139368873,4.367999999999999,23.175833536150233,4.29
21,7,23.15657265730802,4.006,23.168250915457442,4.03
21,8,23.146756634079235,3.694,23.1622621444038,3.8699999999999997
21,9,23.13748314438755,3.4139999999999997,23.15673814236178,3.74
21,10,23.12907078526949,3.16,23.151813778928883,3.5700000000000003
21,11,23.12235912529641,2.938,23.14826558468496,3.44
21,12,23.11517167689085,2.674,23.143847912777257,3.35
21,13,23.109247763714688,2.522,23.140783919644186,3.2800000000000002
21,14,23.103884008114907,2.3640000000000003,23.13802824110078,3.2199999999999998
21,15,23.099171458048712,2.2239999999999998,23.13578209021149,3.1300000000000003
21,16,23.094450822429742,2.062,23.133485131086527,3.08
21,17,23.090447686827442,1.928,23.13198037756087,3.05
21,18,23.086593308311866,1.81,23.13048641842875,3.01
21,19,23.083220157664176,1.69,23.129301289589506,2.97
21,20,23.080272465959844,1.6019999999999999,23.128512847158703,2.91
21,21,23.07743986291589,1.512,23.127691724991127,2.87
21,22,23.07509628590575,1.4040000000000001,23.127412278112814,2.8899999999999997
21,23,23.072229134055547,1.332,23.126544209568536,2.8400000000000003
21,24,23.069936978319603,1.254,23.126332735753806,2.8000000000000003
21,25,23.067653309629513,1.184,23.12585707019219,2.77
21,26,23.065587040805056,1.126,23.12561917718788,2.75
21,27,23.063734527365433,1.05,23.125451585189264,2.77
21,28,23.06161692420556,0.9820000000000001,23.124945358616532,2.8000000000000003
21,29,23.059859618696677,0.9339999999999999,23.124851550805477,2.8000000000000003
21,30,23.05846144604255,0.874,23.125038799733563,2.81
21,31,23.05674169212186,0.792,23.12490791890742,2.83
21,32,23.055238503201068,0.728,23.12471245544139,2.82
21,33,23.053926516426746,0.69,23.125019444874845,2.79
21,34,23.052593233458747,0.632,23.125106162953266,2.79
21,35,23.051472434530123,0.604,23.12538711032876,2.77
21,36,23.05027981066261,0.5680000000000001,23.125468356611808,2.76
21,37,23.049271293652435,0.53,23.125835185128018,2.77
21,38,23.048132072894994,0.494,23.125928224480305,2.7
21,39,23.04711894818941,0.45999999999999996,23.126278162114033,2.7
21,40,23.04615870298098,0.426,23.126449935479542,2.69
21,41,23.045255926277047,0.4,23.126683706473713,2.7
21,42,23.044366378461216,0.364,23.126882289851725,2.67
21,43,23.04362104448993,0.348,23.12726175146531,2.68
21,44,23.04284807455531,0.322,23.12755631295999,2.69
21,45,23.042121260166695,0.27999999999999997,23.12780171946704,2.69
21,46,23.041460561303847,0.258,23.128173016137815,2.6599999999999997
21,47,23.040751697880683,0.23800000000000002,23.12840835272822,2.64
21,48,23.04015641572671,0.22200000000000003,23.1287896965538,2.64
21,49,23.03955908044721,0.20400000000000001,23.129053226333124,2.6100000000000003
21,50,23.038980875721286,0.188,23.129350688203033,2.59
21,51,23.03848163591215,0.17600000000000002,23.12974788400094,2.6
21,52,23.037970283728303,0.166,23.130097106485774,2.54
21,53,23.037496342290854,0.154,23.130442048254917,2.56
21,54,23.037031314989612,0.148,23.13074152714499,2.5700000000000003
21,55,23.03661434037107,0.13799999999999998,23.13110075673397,2.5700000000000003
21,56,23.036207602752047,0.128,23.131444311510275,2.58
21,57,23.035833049996704,0.124,23.131824972186084,2.58
21,58,23.035462422958386,0.116,23.132105926014663,2.6
21,59,23.035130365834224,0.11199999999999999,23.132548670230374,2.6
21,60,23.03479947884601,0.1,23.132836966599346,2.6100000000000003
21,61,23.034490712447994,0.096,23.133129949348543,2.63
21,62,23.034201145392675,0.084,23.13353860801558,2.62
21,63,23.033890044641886,0.076,23.133759062232706,2.6
21,64,23.03363531833325,0.07200000000000001,23.13407957887005,2.63
21,65,23.033390241158163,0.06999999999999999,23.134516245980357,2.63
21,66,23.033172193554375,0.062,23.13481603957318,2.62
21,67,23.03293644818024,0.058,23.135108478675665,2.62
21,68,23.032750603268695,0.054,23.135475416685658,2.62
21,69,23.032546469308304,0.046,23.135812370508635,2.59
21,70,23.032374754161328,0.044000000000000004,23.136167131181782,2.6
21,71,23.0321961075862,0.044000000000000004,23.136490780471934,2.6
21,72,23.032035898712344,0.044000000000000004,23.13677542252852,2.6
21,73,23.03188308671673,0.04,23.137155098003262,2.6
21,74,23.031731616393117,0.038,23.137475004936448,2.6
21,75,23.031595303232358,0.036000000000000004,23.137833039356494,2.58
21,76,23.031458524762815,0.032,23.13811380458324,2.6
21,77,23.031326259539913,0.032,23.138475223436295,2.58
21,78,23.031209904332453,0.032,23.13872160345109,2.5700000000000003
21,79,23.031093188077598,0.032,23.139118232770706,2.5700000000000003
21,80,23.030991179115667,0.032,23.13940569965073,2.58
22,0,23.489349580109568,14.225999999999999,23.45535469279848,13.05
22,1,23.30862889933005,8.63,23.28559484789302,7.86
22,2,23.256805671015655,7.095999999999999,23.240423389777074,6.52
22,3,23.223001643340996,6.064,23.21294629565212,5.34
22,4,23.19966266177894,5.266,23.19516832911447,4.82
22,5,23.18202893066161,4.726,23.18240460504879,4.5600000000000005
22,6,23.16964498544285,4.354,23.174187345877716,4.2299999999999995
22,7,23.1583578514333,3.998,23.167011673355162,3.9800000000000004
22,8,23.148252077124816,3.7220000000000004,23.16071848793229,3.74
22,9,23.139305483650137,3.45,23.15525264563161,3.58
22,10,23.130290297032776,3.09,23.149769615037282,3.42
22,11,23.12326878427974,2.8899999999999997,23.145920558410072,3.3000000000000003
22,12,23.116630484989543,2.6679999999999997,23.142324515397455,3.2099999999999995
22,13,23.11100034259532,2.504,23.139549766333154,3.1199999999999997
22,14,23.105414075361946,2.334,23.136560491110902,3.0
22,15,23.100638341740176,2.178,23.13430511297242,2.97
22,16,23.09638136321488,2.0340000000000003,23.132559369175887,2.97
22,17,23.092327383359372,1.8900000000000001,23.130760339978117,2.92
22,18,23.08859307981861,1.7819999999999998,23.129376875073653,2.8899999999999997
22,19,23.08523854279205,1.688,23.128133000898227,2.86
22,20,23.081642561406042,1.572,23.12652661087219,2.82
22,21,23.078828562941613,1.49,23.12555317643567,2.81
22,22,23.07601843972463,1.39,23.124631276750215,2.77
22,23,23.073383292391977,1.328,23.1237291403449,2.73
22,24,23.070780318914437,1.262,23.12289477041279,2.69
22,25,23.068482467940367,1.166,23.122208443681064,2.7
22,26,23.066458267575616,1.1079999999999999,23.121828616845846,2.69
22,27,23.064377842545237,1.036,23.12134994722031,2.68
22,28,23.062491839277172,1.0,23.120922028725527,2.64
22,29,23.060708375302465,0.9400000000000001,23.120593680162948,2.58
22,30,23.059077915381227,0.8880000000000001,23.120437842516044,2.55
22,31,23.057725269835316,0.86,23.120451580431485,2.55
22,32,23.056222449173944,0.8099999999999999,23.120363541531606,2.55
22,33,23.05499145650287,0.77,23.120463785302306,2.53
22,34,23.053684122656016,0.728,23.120591126586184,2.5100000000000002
22,35,23.052520701091765,0.69,23.12081168904422,2.5100000000000002
22,36,23.051283518179524,0.65,23.12093179349725,2.5
22,37,23.050267793415294,0.628,23.121121451633023,2.4899999999999998
22,38,23.04905034677327,0.586,23.12128849673707,2.53
22,39,23.04806301053468,0.5479999999999999,23.121515786174452,2.4899999999999998
22,40,23.046944381498275,0.514,23.121606179396302,2.46
22,41,23.046053281222353,0.45199999999999996,23.121787122043212,2.48
22,42,23.045138842290747,0.428,23.12179230553263,2.48
22,43,23.044245840470214,0.406,23.122087535172987,2.4699999999999998
22,44,23.04336434469554,0.366,23.122077360652536,2.46
22,45,23.04262078019642,0.336,23.122441110231243,2.4299999999999997
22,46,23.041890795304106,0.314,23.122590799865556,2.42
22,47,23.041188392704132,0.296,23.12282792669479,2.4
22,48,23.040558817157994,0.27799999999999997,23.123046090619283,2.42
22,49,23.039933921648473,0.254,23.123263996486617,2.44
22,50,23.03932440266126,0.234,23.12354712975442,2.4699999999999998
22,51,23.03877233298393,0.20400000000000001,23.123701184943975,2.44
22,52,23.038201611356865,0.184,23.123918096203564,2.42
22,53,23.03770221201477,0.164,23.12417498905165,2.4
22,54,23.037272671369767,0.146,23.12436956850106,2.4
22,55,23.036787386699743,0.13799999999999998,23.124710739415203,2.4
22,56,23.03638493600682,0.126,23.124859892402466,2.4
22,57,23.03599079006236,0.116,23.125198757135124,2.4
22,58,23.03559600702847,0.108,23.12537467840187,2.42
22,59,23.03524002011333,0.104,23.125577685776904,2.41
22,60,23.03490704717159,0.1,23.125886163241375,2.41
22,61,23.03460482669543,0.092,23.126064199407363,2.4
22,62,23.03429778715021,0.084,23.12651976403194,2.41
22,63,23.034025522593232,0.078,23.12668504396272,2.41
22,64,23.03376276020019,0.078,23.1269645531209,2.4
22,65,23.033495344515742,0.074,23.127268164577753,2.3800000000000003
22,66,23.03326135823849,0.06999999999999999,23.127583718226465,2.4
22,67,23.033031174711716,0.066,23.127824256314724,2.39
22,68,23.032833000617526,0.064,23.128164293020586,2.39
22,69,23.0326360704842,0.062,23.128427453383946,2.4
22,70,23.032451216924656,0.062,23.12878302440628,2.4
22,71,23.032262794277855,0.062,23.12893079377218,2.41
22,72,23.032105419590774,0.06,23.12935752079147,2.39
22,73,23.031931157570835,0.054,23.129554217570146,2.37
22,74,23.03179233745358,0.052,23.129763643028273,2.34
22,75,23.031650253963335,0.048,23.130210882177554,2.36
22,76,23.031502346386734,0.044000000000000004,23.13042977951045,2.33
22,77,23.03139026875879,0.044000000000000004,23.13070838539409,2.35
22,78,23.031250123017355,0.042,23.13098868928287,2.35
22,79,23.03114286195422,0.04,23.13131435079235,2.34
22,80,23.031035045951104,0.038,23.131533817492173,2.34
22,81,23.030929834612337,0.036000000000000004,23.131823161426194,2.35
22,82,23.03082629883914,0.036000000000000004,23.13204419460839,2.35
22,83,23.030731168958088,0.034,23.132386231945503,2.33
22,84,23.03064933714563,0.032,23.13267938645618,2.36
22,85,23.030555093543512,0.032,23.132909100411034,2.34
22,86,23.03047559453484,0.03,23.13317443033009,2.35
22,87,23.03038961720583,0.03,23.133424935837635,2.35
22,88,23.030319717168915,0.03,23.133674948355196,2.36
22,89,23.030242690694077,0.03,23.134016949028346,2.36
22,90,23.030173082781168,0.03,23.13417204690898,2.35
22,91,23.030105733775688,0.027999999999999997,23.134460527872207,2.35
22,92,23.03004296627072,0.027999999999999997,23.134746440651384,2.35
22,93,23.029979867550594,0.027999999999999997,23.13493159288542,2.35
22,94,23.029920977001304,0.027999999999999997,23.13521978222896,2.35
22,95,23.029864779776986,0.027999999999999997,23.13544397805365,2.35
22,96,23.029809592180584,0.027999999999999997,23.135689681128426,2.34
22,97,23.02975648208173,0.026,23.13595512615064,2.35
22,98,23.029707315214967,0.024,23.136131439264012,2.34
22,99,23.029656490274608,0.024,23.13639002182274,2.35
22,100,23.029610616045343,0.022000000000000002,23.136611060803215,2.36
23,0,23.421084391434654,12.17,23.384473042663906,10.71
23,1,23.287008231947482,8.192,23.265670153317263,7.380000000000001
23,2,23.234559175559507,6.593999999999999,23.223279176623556,5.93
23,3,23.204438168310798,5.514,23.20064823406375,5.37
23,4,23.18458909842527,4.859999999999999,23.18739126050415,5.050000000000001
23,5,23.167944823495365,4.376,23.17645230815268,4.65
23,6,23.154384125070617,3.964,23.1683179177507,4.37
23,7,23.141449035150448,3.58,23.16021595305421,4.109999999999999
23,8,23.129289544024463,3.186,23.15252219265435,3.83
23,9,23.11985011716853,2.85,23.14710631624324,3.61
23,10,23.11063807400648,2.546,23.141797205318788,3.54
23,11,23.103171249490586,2.308,23.138086619201736,3.35
23,12,23.096249192189244,2.1,23.134756701286086,3.27
23,13,23.08998954844178,1.926,23.131716893995797,3.16
23,14,23.084600961805545,1.736,23.129875926365976,3.04
23,15,23.079923813337114,1.606,23.128179772886835,3.05
23,16,23.075834288650267,1.484,23.127272377983328,3.04
23,17,23.07254903992294,1.3639999999999999,23.12717953848545,3.02
23,18,23.068910671782543,1.264,23.12641058871836,3.05
23,19,23.06671685479946,1.194,23.1271168982694,2.9499999999999997
23,20,23.063326847422,1.0959999999999999,23.126600782860862,2.93
23,21,23.06051600765845,0.984,23.126339648822544,2.9000000000000004
23,22,23.060530428262112,1.04,23.12862964090824,2.94
23,23,23.05912921100072,0.996,23.129928737089458,2.9499999999999997
23,24,23.057087223999748,0.9299999999999999,23.1302729316414,2.91
23,25,23.054809581839944,0.86,23.13025425636626,2.91
23,26,23.052945755016506,0.796,23.130884329183,2.8899999999999997
23,27,23.050469637703582,0.7080000000000001,23.13056326100687,2.86
23,28,23.049397306201346,0.6839999999999999,23.131687451445295,2.82
23,29,23.04696947845446,0.588,23.13156226101774,2.77
23,30,23.045689242902927,0.538,23.132521453720305,2.75
23,31,23.044267788734608,0.506,23.133315683813947,2.76
23,32,23.0426825980344,0.416,23.133875176560032,2.77
23,33,23.041922286782718,0.402,23.135545710540445,2.76
23,34,23.04050479013083,0.344,23.136073024803657,2.77
23,35,23.039635015946622,0.318,23.13762047451485,2.76
23,36,23.038587380504914,0.27799999999999997,23.13820393207915,2.77
23,37,23.037465258812293,0.242,23.13894274172106,2.71
23,38,23.036635260808886,0.21,23.139869056141777,2.71
23,39,23.035959408096982,0.186,23.141133322605718,2.67
23,40,23.035227651950432,0.16199999999999998,23.14195386430046,2.65
23,41,23.0345425335271,0.148,23.142940149099502,2.63
23,42,23.03399634515157,0.134,23.14388853206812,2.62
23,43,23.033472478066493,0.12,23.144765128515765,2.6100000000000003
23,44,23.033008100541974,0.11,23.14570665484886,2.6
23,45,23.032576103371085,0.096,23.146381027924352,2.59
23,46,23.03223928945709,0.094,23.147475020474086,2.58
23,47,23.031920250065102,0.08,23.148324179045083,2.5700000000000003
23,48,23.031647983609048,0.074,23.149128068482085,2.5700000000000003
23,49,23.031361808408796,0.06999999999999999,23.14997710063603,2.5700000000000003
23,50,23.03115264647447,0.064,23.150871520701937,2.55
23,51,23.030940518203977,0.064,23.15157370677536,2.53
23,52,23.030753047403064,0.055999999999999994,23.152366087960473,2.56
23,53,23.030581655337404,0.048,23.153169763153258,2.56
23,54,23.030427138659007,0.042,23.153830386778612,2.56
23,55,23.030292156209402,0.038,23.154648913867387,2.5700000000000003
23,56,23.030153676644577,0.036000000000000004,23.155295327325327,2.58
23,57,23.03003126381412,0.034,23.156080094254328,2.56
23,58,23.029918094062893,0.032,23.156718971859185,2.54
23,59,23.02982356812256,0.03,23.15739500725043,2.5700000000000003
23,60,23.02972737167905,0.027999999999999997,23.15798321534918,2.56
24,0,25.315508926384506,75.938,25.315984201214015,75.94999999999999
24,1,25.283392366950423,69.842,25.283521232409214,69.46
24,2,25.139361218861033,67.44,25.13931276862237,67.28
24,3,24.591714500516066,52.516,24.58505244906866,51.559999999999995
24,4,24.27038935252918,39.861999999999995,24.251395765873315,38.41
24,5,24.016153879177477,31.656000000000002,23.985940229245905,29.049999999999997
24,6,23.853064780754735,25.25,23.814383727370007,22.759999999999998
24,7,23.735876236618477,20.704,23.69467116519372,18.62
24,8,23.641415566411354,17.446,23.602230125644386,15.39
24,9,23.568525861938294,15.306000000000001,23.53347718278956,13.83
24,10,23.51603853083212,13.888,23.485227161811753,12.97
24,11,23.477678941830384,12.895999999999999,23.450296276300914,11.97
24,12,23.44814471215643,12.021999999999998,23.42343448560382,11.200000000000001
24,13,23.424390648385444,11.344,23.401835654289478,10.7
24,14,23.40471005211124,10.836,23.383943955666542,10.26
24,15,23.387995954697015,10.363999999999999,23.36872436382382,9.91
24,16,23.373451129141408,9.926,23.355424900545994,9.47
24,17,23.360501967119788,9.56,23.343513560776632,9.15
24,18,23.348749035590398,9.229999999999999,23.332631455084375,8.76
24,19,23.33791989653773,8.974,23.322543553841925,8.43
24,20,23.327828619841263,8.654,23.313096932992536,8.1
24,21,23.318345754563996,8.392,23.304190626603678,7.7700000000000005
24,22,23.30937858848022,8.146,23.295756111066563,7.61
24,23,23.300859287547492,7.898,23.287745507923322,7.4399999999999995
24,24,23.29273776691828,7.698,23.280124471319844,7.22
24,25,23.28497686223368,7.481999999999999,23.272867637244634,7.02
24,26,23.277548620016784,7.2700000000000005,23.265955528824882,6.76
24,27,23.27043135814379,7.084,23.259372402993566,6.550000000000001
24,28,23.263607410890224,6.868,23.253104736923497,6.41
24,29,23.25706146774296,6.678000000000001,23.247140124319436,6.29
24,30,23.250779398874045,6.468,23.241466430424754,6.11
24,31,23.244747499437263,6.338000000000001,23.236071167516297,5.94
24,32,23.238952116123283,6.184,23.230941142289417,5.7700000000000005
24,33,23.23337959484826,6.042,23.226062424924567,5.59
24,34,23.22801644811679,5.872,23.22142060783339,5.43
24,35,23.22284963530939,5.728,23.217001242044446,5.25
24,36,23.217866871967235,5.574,23.212790317470876,5.16
24,37,23.213056907042404,5.412,23.208774681998232,5.04
24,38,23.20840972335167,5.28,23.204942340216586,5.0
24,39,23.203916633372195,5.17,23.201282612168995,4.859999999999999
24,40,23.19957026349721,5.045999999999999,23.197786158477456,4.82
24,41,23.195364440994965,4.902,23.19444489347176,4.75
24,42,23.191294012762558,4.7940000000000005,23.191251816712047,4.72
24,43,23.187354629999202,4.658,23.188200797136265,4.590000000000001
24,44,23.183542529328307,4.553999999999999,23.185286343067443,4.51
24,45,23.17985433262793,4.484,23.182503385998793,4.31
24,46,23.176286878649226,4.366,23.179847097766284,4.29
24,47,23.172837091659055,4.258,23.177312751149778,4.21
24,48,23.16950188682981,4.132000000000001,23.174895625189503,4.14
24,49,23.16627810912203,4.0280000000000005,23.172590950729283,4.04
24,50,23.163162501499833,3.9419999999999997,23.170393889856765,4.01
24,51,23.16015169845148,3.848,23.16829954373174,3.95
24,52,23.157242240794623,3.7539999999999996,23.16630298423591,3.9
24,53,23.154430606977275,3.676,23.16439930421897,3.83
24,54,23.151713254747737,3.588,23.16258367904894,3.75
24,55,23.1490866659806,3.5020000000000002,23.160851430234366,3.6900000000000004
24,56,23.146547387460977,3.422,23.15919808160981,3.62
24,57,23.14409206190815,3.318,23.157619400511855,3.5999999999999996
24,58,23.141717446167846,3.248,23.156111419932476,3.58
24,59,23.139420416527223,3.18,23.154670441618304,3.54
24,60,23.13719796361035,3.108,23.153293023362934,3.55
25,0,23.391357099416773,10.722,23.3610750716071,9.62
25,1,23.29727361247335,8.12,23.27986818386456,7.180000000000001
25,2,23.249836734226385,6.593999999999999,23.240415073616905,6.2
25,3,23.216636170191908,5.66,23.213678229412057,5.47
25,4,23.191608207343403,4.872,23.194375044113027,4.89
25,5,23.172166777879703,4.268000000000001,23.180109355665955,4.52
25,6,23.156716534624863,3.81,23.169360010352616,4.22
25,7,23.144089917946506,3.434,23.161023061870242,4.01
25,8,23.133499020078858,3.1,23.15437177512963,3.84
25,9,23.124435152845564,2.856,23.148944100864313,3.6999999999999997
25,10,23.11656033107733,2.62,23.14443709785346,3.5000000000000004
25,11,23.109651023946547,2.426,23.14066165710137,3.4000000000000004
25,12,23.103551261556525,2.26,23.137497725598955,3.3099999999999996
25,13,23.098134689780647,2.088,23.134853489801124,3.2099999999999995
25,14,23.093291399948694,1.968,23.132648509596123,3.1199999999999997
25,15,23.08892620694823,1.83,23.130810360570894,3.06
25,16,23.084956442873086,1.714,23.129273492341603,2.98
25,17,23.08131021112075,1.5939999999999999,23.127979865397577,2.94
25,18,23.07792836400392,1.488,23.126882323971955,2.91
25,19,23.074767582721027,1.35,23.12594751727472,2.86
25,20,23.071798955010312,1.244,23.125153672304908,2.87
25,21,23.069003326319613,1.172,23.124485477626497,2.83
25,22,23.066367378698903,1.0959999999999999,23.123930813060472,2.83
25,23,23.063881260935705,1.02,23.123479643781764,2.79
25,24,23.061537329273886,0.938,23.123123570117492,2.76
25,25,23.059329500710792,0.856,23.122855431817584,2.76
25,26,23.05725290203751,0.784,23.12266911838202,2.77
25,27,23.055303695113004,0.712,23.122559608463906,2.78
25,28,23.053478777895723,0.65,23.122522722824996,2.77
25,29,23.051775092546052,0.588,23.12255409795183,2.78
25,30,23.05018885867863,0.528,23.12264774031323,2.75
25,31,23.048715265120677,0.488,23.122795109229124,2.74
25,32,23.04734856386602,0.44600000000000006,23.12298528857329,2.7199999999999998
25,33,23.046082204975303,0.41200000000000003,23.123206170108144,2.7199999999999998
25,34,23.044908977762493,0.376,23.123446205553346,2.73
25,35,23.043821123410044,0.33,23.12369576749229,2.75
25,36,23.042810383749682,0.302,23.123947231641004,2.74
25,37,23.041868389215498,0.26,23.124194513282596,2.7199999999999998
25,38,23.040987410185373,0.24,23.124433326888308,2.7
25,39,23.04016099234527,0.21,23.124661971215716,2.69
25,40,23.039384250013,0.186,23.124881689919743,2.68
25,41,23.03865376992662,0.17600000000000002,23.12509596018302,2.65
25,42,23.03796716953082,0.16,23.12530883296856,2.64
25,43,23.037322554214267,0.13799999999999998,23.125523292197276,2.64
25,44,23.036718127019963,0.13,23.125740599341587,2.67
25,45,23.03615201046283,0.11199999999999999,23.125960727250824,2.6599999999999997
25,46,23.035622219011366,0.104,23.126183258445145,2.65
25,47,23.035126750956728,0.094,23.12640809778389,2.6599999999999997
25,48,23.0346638313885,0.086,23.12663584774139,2.65
25,49,23.03423225550038,0.08,23.12686806887202,2.64
25,50,23.033831531214243,0.066,23.127107382757327,2.62
25,51,23.033461473979518,0.058,23.127356803890777,2.6
25,52,23.033121381473965,0.052,23.127617970195367,2.59
25,53,23.0328094810378,0.048,23.12788968869717,2.62
25,54,23.03252314313887,0.044000000000000004,23.128168630580088,2.62
25,55,23.032259513433203,0.042,23.128451314837633,2.6
25,56,23.032015977988372,0.04,23.128735267435673,2.6
25,57,23.031790315330447,0.04,23.129019025779918,2.6100000000000003
25,58,23.031580674233012,0.04,23.129301765493782,2.6100000000000003
25,59,23.03138550362395,0.034,23.12958299754592,2.63
25,60,23.031203486209822,0.034,23.12986239414559,2.64
26,0,23.659894060771883,19.624,23.617905128655398,17.79
26,1,23.410996927579387,11.424,23.38150332307887,10.05
26,2,23.337929102692286,9.347999999999999,23.314399797562217,8.290000000000001
26,3,23.29590988177653,8.154,23.276008094685817,7.2700000000000005
26,4,23.266689666811963,7.3340000000000005,23.250119486786705,6.5600000000000005
26,5,23.244161447437772,6.624,23.23085399326099,6.03
26,6,23.2255238398207,6.094,23.215252274324122,5.5
26,7,23.210578441935546,5.644,23.20332442452613,5.18
26,8,23.197787439064403,5.258,23.193589323812635,4.95
26,9,23.18686684749238,4.936,23.185595365905186,4.82
26,10,23.177013714318317,4.63,23.178754584628937,4.6
26,11,23.16772826516087,4.338,23.172436091682023,4.44
26,12,23.15899776453639,4.088,23.166631344226534,4.22
26,13,23.150752572472552,3.8440000000000003,23.161165060520567,4.04
26,14,23.143101239678067,3.636,23.156193304560585,3.93
26,15,23.13625455129942,3.44,23.151887613448558,3.7600000000000002
26,16,23.129352612200343,3.212,23.147552678990174,3.62
26,17,23.12322350405357,2.9819999999999998,23.144039854087072,3.4299999999999997
26,18,23.11768779411979,2.794,23.14097979336467,3.34
26,19,23.112852742750874,2.664,23.138618150507344,3.2399999999999998
26,20,23.108185109783808,2.494,23.136242887447917,3.16
26,21,23.104322447482556,2.358,23.134698773145413,3.11
26,22,23.100754764098454,2.2640000000000002,23.13328565595186,3.04
26,23,23.09712109925659,2.1260000000000003,23.1317420280461,3.04
26,24,23.093552068264643,2.028,23.13016961594144,3.0
26,25,23.090505371073775,1.9539999999999997,23.129044870475663,2.9899999999999998
26,26,23.087815396699963,1.848,23.12813682403158,2.94
26,27,23.085019362111655,1.76,23.127279441898125,2.91
26,28,23.08219431897462,1.688,23.12637226735024,2.82
26,29,23.079850974105433,1.6,23.125772027666308,2.85
26,30,23.077335006187386,1.51,23.124990616373985,2.79
26,31,23.075276733367968,1.4460000000000002,23.12462958086485,2.75
26,32,23.073043506814084,1.37,23.12412489024478,2.75
26,33,23.070827926038383,1.266,23.123598970324306,2.68
26,34,23.06868298773538,1.184,23.12319297725015,2.68
26,35,23.066990777551798,1.138,23.123072888454598,2.69
26,36,23.065047676255865,1.06,23.122749219701728,2.68
26,37,23.063311347941745,1.014,23.12261816246078,2.6100000000000003
26,38,23.061607022661146,0.936,23.122467715552208,2.6100000000000003
26,39,23.05974018994053,0.88,23.12223957624856,2.63
26,40,23.058453652289607,0.8420000000000001,23.1224581765074,2.65
26,41,23.056886137236365,0.79,23.122410711307694,2.67
26,42,23.055297073477696,0.734,23.122343269014916,2.59
26,43,23.053991713685747,0.6779999999999999,23.122489902029216,2.62
26,44,23.05277580084703,0.652,23.12270626066114,2.63
26,45,23.051535440931595,0.608,23.12293350094944,2.62
26,46,23.0504232345977,0.5760000000000001,23.123196063353838,2.62
26,47,23.049304095527333,0.53,23.123510358483884,2.64
26,48,23.048385837406276,0.502,23.12386836908293,2.6599999999999997
26,49,23.047420806646887,0.47600000000000003,23.124270252248422,2.64
26,50,23.046608946985906,0.45199999999999996,23.124686641774442,2.64
26,51,23.04572498958937,0.41200000000000003,23.125066677657372,2.63
26,52,23.044960378439516,0.386,23.125457394253477,2.65
26,53,23.04423863084548,0.364,23.12598600733141,2.6599999999999997
26,54,23.043608141373,0.34199999999999997,23.12659396437062,2.6599999999999997
26,55,23.0428855341001,0.318,23.126995728782557,2.67
26,56,23.042348960657314,0.308,23.12766972098945,2.68
26,57,23.041677605525813,0.28400000000000003,23.12789979677989,2.6599999999999997
26,58,23.041124389123972,0.27,23.128331992272003,2.65
26,59,23.04050505605095,0.254,23.12865645332072,2.67
26,60,23.04000112695591,0.23800000000000002,23.129205444331625,2.69
27,0,23.198455642626193,5.394,23.197326047435183,5.140000000000001
27,1,23.13997078184543,3.7060000000000004,23.1585420726294,3.93
27,2,23.116400162445345,2.8819999999999997,23.145371257561024,3.6799999999999997
27,3,23.09624379398949,2.29,23.132245185294924,3.2
27,4,23.075123379099598,1.584,23.122241351774356,2.85
27,5,23.06576082009348,1.298,23.118597131339666,2.74
27,6,23.057225691274834,0.97,23.118038561316848,2.54
27,7,23.05103760381288,0.786,23.117558106583786,2.45
27,8,23.044750874059446,0.5640000000000001,23.11754570246211,2.44
27,9,23.040260798093605,0.40800000000000003,23.117064372275625,2.3800000000000003
27,10,23.037307945319206,0.302,23.11888975175862,2.32
27,11,23.034620732903925,0.218,23.119838909322972,2.32
27,12,23.03294771604463,0.17600000000000002,23.121866027165012,2.2399999999999998
27,13,23.03157005807824,0.122,23.122181584588432,2.19
27,14,23.030524658319774,0.082,23.12288930776296,2.17
27,15,23.029704257240223,0.06,23.123430816893546,2.18
27,16,23.029085557704292,0.034,23.124140143179595,2.1399999999999997
27,17,23.028619002487847,0.022000000000000002,23.1249655364019,2.11
27,18,23.028270448940486,0.016,23.125793660808473,2.12
27,19,23.027987585790573,0.008,23.126350100586716,2.12
27,20,23.027763878872413,0.006,23.12692686814877,2.12
27,21,23.02758146276679,0.004,23.12748865515132,2.11
27,22,23.02743327066158,0.002,23.127969674475107,2.11
27,23,23.027311940512675,0.0,23.128481013754925,2.11
27,24,23.02720996639722,0.0,23.128822662489135,2.13
27,25,23.02712152952563,0.0,23.129222856891605,2.13
27,26,23.027046554221446,0.0,23.129457299956076,2.1
27,27,23.026980234654978,0.0,23.129790002284324,2.09
27,28,23.026922516308748,0.0,23.13000282219273,2.08
27,29,23.026872823885192,0.0,23.130254660023645,2.07
27,30,23.026828504719244,0.0,23.13044809902982,2.08
27,31,23.026789908014457,0.0,23.130653468808024,2.08
27,32,23.026755500809664,0.0,23.13087094607977,2.09
27,33,23.026726054006954,0.0,23.131034760242056,2.06
27,34,23.02669933463356,0.0,23.131233450553705,2.07
27,35,23.02667584183267,0.0,23.13136965712509,2.07
27,36,23.026654057072477,0.0,23.13150994977009,2.06
27,37,23.02663534167884,0.0,23.131663751956093,2.07
27,38,23.026618495891615,0.0,23.13180762162562,2.08
27,39,23.026603233454168,0.0,23.13194835044286,2.09
27,40,23.02658963038277,0.0,23.132076301709205,2.09
28,0,23.189661747068477,5.074,23.1856720363866,4.55
28,1,23.1414369681881,3.5740000000000003,23.15673269050979,3.82
28,2,23.106802936710785,2.5340000000000003,23.138716397174758,3.4099999999999997
28,3,23.086914165787537,1.9120000000000001,23.128891856681793,2.9499999999999997
28,4,23.074646025582748,1.51,23.124709404690435,2.75
28,5,23.063883315296675,1.1780000000000002,23.120804020106053,2.63
28,6,23.05588420657992,0.9039999999999999,23.117617211794325,2.55
28,7,23.050071114094173,0.7040000000000001,23.11601416909921,2.54
28,8,23.04593115859363,0.5599999999999999,23.11634693725901,2.46
28,9,23.042910363233002,0.464,23.116885658888858,2.42
28,10,23.04074965545123,0.362,23.117698350067105,2.45
28,11,23.038870055237183,0.32,23.11857951532465,2.42
28,12,23.03681614732716,0.234,23.11846862448079,2.37
28,13,23.035397758129843,0.186,23.118779066330493,2.3800000000000003
28,14,23.034178478201056,0.13999999999999999,23.118858139471115,2.27
28,15,23.033253402078543,0.108,23.118901002227982,2.27
28,16,23.032543154859262,0.084,23.118992631535978,2.25
28,17,23.031978210280027,0.064,23.11906832893638,2.22
28,18,23.031485076387654,0.052,23.119190079699194,2.23
28,19,23.03108553494497,0.04,23.11918385033809,2.1999999999999997
28,20,23.030758304048437,0.034,23.1192254714605,2.1999999999999997
28,21,23.03047927367935,0.03,23.119355041561242,2.2399999999999998
28,22,23.030252013531104,0.026,23.119433414809134,2.25
28,23,23.030057999354753,0.024,23.11955857045994,2.2399999999999998
28,24,23.029898025518747,0.018000000000000002,23.11964050592304,2.2399999999999998
28,25,23.02976484999023,0.013999999999999999,23.119795403864067,2.23
28,26,23.029645552975122,0.012,23.119882568103254,2.23
28,27,23.029549651136595,0.01,23.120006487315006,2.2399999999999998
28,28,23.029464659263088,0.01,23.120137688145356,2.22
28,29,23.0293934720928,0.01,23.1202339270374,2.23
28,30,23.02933124440272,0.01,23.12032345783355,2.22
28,31,23.029279441002913,0.008,23.120423791880196,2.22
28,32,23.02923164348783,0.004,23.12051454519147,2.21
28,33,23.02919136180631,0.004,23.12060444585505,2.22
28,34,23.029155469243637,0.004,23.120664603199963,2.22
28,35,23.029124334409335,0.004,23.120736319135403,2.22
28,36,23.02909632258406,0.004,23.120796900085534,2.22
28,37,23.029071675536645,0.004,23.120855691638535,2.22
28,38,23.029050283317165,0.004,23.12089907110454,2.22
28,39,23.029031021668096,0.004,23.12094442435529,2.22
28,40,23.029014937435864,0.004,23.12099042958371,2.22
29,0,23.178402302065432,4.786,23.179471053812573,4.45
29,1,23.14572440081866,3.866,23.16157694274331,4.18
29,2,23.106291026853413,2.568,23.13417356050262,3.35
29,3,23.080365500100566,1.704,23.11877905071683,2.8000000000000003
29,4,23.066907459030418,1.24,23.11377229718891,2.56
29,5,23.059071811128437,0.9480000000000001,23.11277893980574,2.52
29,6,23.05384878500596,0.7779999999999999,23.112950074475947,2.4699999999999998
29,7,23.050372499446194,0.656,23.11339106020863,2.37
29,8,23.046869969840756,0.536,23.11340614114308,2.36
29,9,23.044523410242082,0.462,23.113923390534094,2.34
29,10,23.042448443634417,0.374,23.113863115230068,2.32
29,11,23.040824784558268,0.326,23.113820192913234,2.32
29,12,23.03945295570201,0.27799999999999997,23.113546357214222,2.27
29,13,23.038457282912965,0.242,23.11340707661004,2.26
29,14,23.037638378321546,0.20600000000000002,23.113204283004347,2.21
29,15,23.036959272384134,0.174,23.112840248633166,2.15
29,16,23.036439163973647,0.164,23.11261597581328,2.12
29,17,23.03601868054549,0.152,23.112396247714276,2.11
29,18,23.03567732249221,0.13999999999999999,23.112229611037645,2.1
29,19,23.03540206535234,0.128,23.112162789949483,2.08
29,20,23.035188265418803,0.124,23.112091807658032,2.08
29,21,23.035007641767322,0.122,23.112044486487004,2.09
29,22,23.034862771773437,0.116,23.112038849340564,2.11
29,23,23.034749416934932,0.116,23.11206221412234,2.1
29,24,23.034653969795784,0.11199999999999999,23.112105027201416,2.09
29,25,23.0345750373372,0.11199999999999999,23.11213789145226,2.09
29,26,23.034511389526905,0.108,23.112193148110116,2.08
29,27,23.034455188243655,0.108,23.11223530200756,2.07
29,28,23.0344102112028,0.108,23.11228474052867,2.07
29,29,23.034371593698037,0.108,23.112330246917885,2.07
29,30,23.034338835446142,0.106,23.112366711184908,2.07
29,31,23.034311792186855,0.106,23.112402609068056,2.08
29,32,23.03428871509819,0.104,23.112439031142898,2.08
29,33,23.034269365760753,0.104,23.112467889033987,2.08
29,34,23.034253113555692,0.104,23.112493377809656,2.08
29,35,23.0342393239761,0.104,23.11251586958404,2.08
29,36,23.034227768157454,0.104,23.11253590560393,2.08
29,37,23.034217956544516,0.104,23.112552252401592,2.08
29,38,23.034209690029044,0.104,23.112565449007246,2.07
29,39,23.034202657934973,0.104,23.112576950566954,2.07
29,40,23.03419668519753,0.10200000000000001,23.11258844149232,2.07
30,0,23.201970621665442,5.338,23.20558098475937,5.45
30,1,23.133116768446435,3.4099999999999997,23.151748582661206,3.84
30,2,23.102502678979096,2.416,23.1306243799986,3.16
30,3,23.08303277106503,1.72,23.119348743281723,2.73
30,4,23.072098436083916,1.376,23.115284984327108,2.6
30,5,23.06491261679907,1.168,23.113700791697052,2.52
30,6,23.059462231872143,0.9740000000000001,23.112391703559144,2.4299999999999997
30,7,23.055605666185986,0.8240000000000001,23.11184819961228,2.37
30,8,23.05244037453078,0.696,23.111097565401906,2.3
30,9,23.050085504184313,0.604,23.11059014498798,2.3
30,10,23.048366247012037,0.526,23.11034339437525,2.3
30,11,23.04709964431826,0.47800000000000004,23.110072346517757,2.2800000000000002
30,12,23.046191685767287,0.438,23.109908378476895,2.25
30,13,23.045453912105867,0.40800000000000003,23.109733809282147,2.27
30,14,23.044906551075513,0.384,23.109644152361597,2.27
30,15,23.04445569305041,0.366,23.10948085239426,2.23
30,16,23.044097219634285,0.344,23.10940444499356,2.21
30,17,23.04380654227752,0.328,23.109348256775608,2.22
30,18,23.04358863152828,0.32,23.109313202868897,2.23
30,19,23.043420907167604,0.316,23.10932399575056,2.23
30,20,23.043293031529355,0.302,23.109361857163183,2.23
30,21,23.043195955323068,0.3,23.109405612094044,2.23
30,22,23.043119967655997,0.302,23.10945944489637,2.23
30,23,23.04306072723313,0.298,23.10951520570017,2.21
30,24,23.043014331845782,0.292,23.10956057026971,2.21
30,25,23.042978435973733,0.292,23.10960433501486,2.21
30,26,23.042950068716785,0.292,23.109637976061293,2.22
30,27,23.04292759968557,0.28800000000000003,23.109666658883896,2.22
30,28,23.042909794051045,0.28800000000000003,23.109693335123012,2.21
30,29,23.042895819266814,0.28800000000000003,23.10971030043838,2.22
30,30,23.042884661620025,0.28800000000000003,23.10972630832869,2.22
30,31,23.042875733906286,0.28800000000000003,23.109739095480467,2.22
30,32,23.042868677225314,0.28600000000000003,23.109749923331773,2.22
30,33,23.042863069383657,0.28600000000000003,23.109757659089663,2.22
30,34,23.042858584355017,0.28400000000000003,23.109763860433095,2.22
30,35,23.042855001621003,0.28400000000000003,23.109769188985734,2.22
30,36,23.042852150211488,0.28400000000000003,23.10977324253731,2.22
30,37,23.042849877765104,0.28400000000000003,23.10977657313138,2.22
30,38,23.04284804479664,0.28400000000000003,23.109779471691702,2.22
30,39,23.042846597849884,0.28400000000000003,23.109781343358886,2.22
30,40,23.04284542728651,0.28400000000000003,23.10978325768008,2.22
31,0,23.195901757636022,5.154,23.199476401823716,5.140000000000001
31,1,23.136779188536014,3.458,23.156297513108864,3.88
31,2,23.12329375698514,3.078,23.154585768009383,3.81
31,3,23.100842599883173,2.412,23.14110870662028,3.3000000000000003
31,4,23.082174956914386,1.818,23.13217684588686,2.9899999999999998
31,5,23.074191080982512,1.564,23.134133739944062,2.9499999999999997
31,6,23.068490562768286,1.482,23.13418089352497,2.78
31,7,23.065380028015007,1.3639999999999999,23.136569276269316,2.78
31,8,23.054761856217738,0.9900000000000001,23.129408173109603,2.5
31,9,23.053483940157903,0.918,23.132095629158112,2.5100000000000002
31,10,23.044360690974603,0.624,23.13545093782372,2.52
31,11,23.042046062308927,0.5599999999999999,23.134526407591203,2.42
31,12,23.039330713395266,0.44600000000000006,23.13408011516818,2.42
31,13,23.03456918512421,0.256,23.134481993564876,2.2800000000000002
31,14,23.03841468689207,0.434,23.144819300894,2.6100000000000003
31,15,23.03358103591355,0.248,23.137147946300455,2.3
31,16,23.03056753007331,0.124,23.138382192915216,2.29
31,17,23.0292985754804,0.086,23.137060708626787,2.1399999999999997
31,18,23.028435511476058,0.06,23.135398271923936,2.16
31,19,23.027219122452866,0.02,23.134130099172197,2.1399999999999997
31,20,23.026870000357405,0.008,23.134684786992736,2.1399999999999997
31,21,23.026717565989262,0.002,23.13499825239362,2.13
31,22,23.026587474835644,0.002,23.135531544842376,2.12
31,23,23.026486570500772,0.002,23.136036617717053,2.1
31,24,23.026412710121082,0.002,23.136624147585586,2.1
31,25,23.02635760428193,0.002,23.13713596514977,2.09
31,26,23.026309077341203,0.002,23.137644476945063,2.09
31,27,23.026272275771525,0.0,23.138126619718715,2.07
31,28,23.026239895892378,0.0,23.138545863011952,2.06
31,29,23.026212042207966,0.0,23.139048881907627,2.06
31,30,23.026188103857663,0.0,23.139423490392215,2.04
31,31,23.026167140181073,0.0,23.139826131479722,2.03
31,32,23.026149722481303,0.0,23.140227643827927,2.03
31,33,23.026133344140373,0.0,23.14060222807703,2.03
31,34,23.026119509364836,0.0,23.140979353125637,2.02
31,35,23.02610695047868,0.0,23.141372294660595,2.03
31,36,23.026095895238704,0.0,23.141702153712092,2.04
31,37,23.026085813380828,0.0,23.1420686139769,2.03
31,38,23.026076777848132,0.0,23.142353336649357,2.03
31,39,23.02606819621483,0.0,23.142714769374223,2.02
31,40,23.02606066578738,0.0,23.142983180627436,2.02
31,41,23.026053987669087,0.0,23.1432752895961,2.01
31,42,23.026047323850676,0.0,23.143546620758354,2.01
31,43,23.026041460816337,0.0,23.143824480137187,2.02
31,44,23.026035812384098,0.0,23.144093888668472,2.03
31,45,23.026030679175495,0.0,23.14435000662276,2.04
31,46,23.02602588532067,0.0,23.14459286922548,2.04
31,47,23.02602137809669,0.0,23.14484586135347,2.04
31,48,23.02601712560159,0.0,23.14510850930612,2.04
31,49,23.02601321481977,0.0,23.145297382622218,2.03
31,50,23.02600927015396,0.0,23.145546197495946,2.03
31,51,23.026005754679094,0.0,23.14576409110468,2.03
31,52,23.026002459506397,0.0,23.145962433486666,2.03
31,53,23.025999255275718,0.0,23.14619615517799,2.02
31,54,23.025996189067016,0.0,23.146408744611527,2.02
31,55,23.025993323488514,0.0,23.146600024269986,2.02
31,56,23.0259905643661,0.0,23.14681701271324,2.02
31,57,23.025987982074376,0.0,23.14701087277162,2.02
31,58,23.025985508921078,0.0,23.14718640661292,2.02
31,59,23.02598308956738,0.0,23.14737423102706,2.02
31,60,23.025980870198417,0.0,23.147561858584325,2.02
32,0,23.214986615448556,6.101999999999999,23.220327813255267,6.0600000000000005
32,1,23.15713428663243,4.106,23.17772463696073,4.58
32,2,23.13096653206279,3.3259999999999996,23.162029251212893,4.2299999999999995
32,3,23.098933531992888,2.358,23.140532000158263,3.4099999999999997
32,4,23.0903238521746,2.1,23.137700710747634,3.3000000000000003
32,5,23.070308814066014,1.456,23.127654686165513,2.81
32,6,23.065189072547845,1.352,23.132553838435246,2.75
32,7,23.05034880373918,0.818,23.12297199450485,2.4699999999999998
32,8,23.053735536394143,0.9299999999999999,23.132001595155106,2.4899999999999998
32,9,23.041580200238144,0.502,23.125921737213403,2.32
32,10,23.040258399889286,0.44400000000000006,23.129459508932406,2.34
32,11,23.036783574916228,0.326,23.129277836989356,2.25
32,12,23.0352817310667,0.27799999999999997,23.13324014978548,2.32
32,13,23.031470001308197,0.134,23.129710986432215,2.1399999999999997
32,14,23.029886563231837,0.068,23.131352945643,2.08
32,15,23.028873234847964,0.04,23.132512904323875,2.08
32,16,23.028134879958134,0.026,23.132111182154265,2.07
32,17,23.027621721798806,0.012,23.132581239491603,2.09
32,18,23.02732934738898,0.01,23.133311302529613,2.0500000000000003
32,19,23.02712639555872,0.008,23.13396632755256,2.04
32,20,23.02697779087352,0.004,23.134682525652384,2.06
32,21,23.02685794426996,0.004,23.135300074703135,2.08
32,22,23.026762109782485,0.004,23.135946088988543,2.09
32,23,23.026681287956595,0.002,23.136555384287902,2.09
32,24,23.02661311865434,0.002,23.137151854277764,2.09
32,25,23.026552243926822,0.002,23.137640072940528,2.08
32,26,23.026499204210694,0.002,23.13817385899664,2.09
32,27,23.026456533473464,0.002,23.13861903589567,2.06
32,28,23.02641677802799,0.002,23.1390586966164,2.06
32,29,23.0263831970078,0.002,23.139472014715672,2.04
32,30,23.02635209669003,0.002,23.139872666953643,2.06
32,31,23.02632655716324,0.002,23.14028706824673,2.0500000000000003
32,32,23.026303274830095,0.0,23.140674098482975,2.0500000000000003
32,33,23.026282221979294,0.0,23.14101524356834,2.04
32,34,23.02626258263026,0.0,23.14134485310957,2.04
32,35,23.026245748449924,0.0,23.141709076987883,2.03
32,36,23.02623043182848,0.0,23.141998349534017,2.03
32,37,23.026215676641083,0.0,23.142301898520447,2.02
32,38,23.026203266964583,0.0,23.142564607981797,2.02
32,39,23.026192007847033,0.0,23.14284605424418,2.01
32,40,23.026180860528978,0.0,23.14308911872045,2.01
32,41,23.026170932015688,0.0,23.143349802930366,2.01
32,42,23.026161678773864,0.0,23.143597238886105,2.01
32,43,23.02615325229275,0.0,23.143811523022567,2.0
32,44,23.02614539359253,0.0,23.144038550921145,2.0
32,45,23.026137871585284,0.0,23.144251485279604,1.9800000000000002
32,46,23.026130985530642,0.0,23.14445003699063,1.97
32,47,23.026124325522556,0.0,23.144657179159037,1.9800000000000002
32,48,23.02611854475545,0.0,23.14484298596129,1.97
32,49,23.02611279589846,0.0,23.14502426494571,1.97
32,50,23.026107451193813,0.0,23.14520677376831,1.97
32,51,23.02610222827618,0.0,23.145384366323434,1.97
32,52,23.026097554259263,0.0,23.14555879841573,1.96
32,53,23.026092927938947,0.0,23.145693936051366,1.97
32,54,23.02608851554781,0.0,23.14585920496761,1.97
32,55,23.0260845855848,0.0,23.146014111248792,1.97
32,56,23.026080467289322,0.0,23.14618208697084,1.97
32,57,23.02607701605629,0.0,23.146316548062256,1.97
32,58,23.026073463552567,0.0,23.146459331878788,1.97
32,59,23.02607016050959,0.0,23.146588471118218,1.96
32,60,23.026067035240494,0.0,23.146709704255827,1.96
33,0,23.189771708770543,5.2,23.19642716331286,5.24
33,1,23.139149220050076,3.5860000000000003,23.162322455890422,4.130000000000001
33,2,23.112176579459113,2.814,23.146014088724215,3.6700000000000004
33,3,23.09566358909851,2.228,23.139801903494376,3.45
33,4,23.07947113583293,1.796,23.131391315642333,2.92
33,5,23.071865685477402,1.49,23.133306587622634,2.9899999999999998
33,6,23.060179988656216,1.1159999999999999,23.127094996292943,2.68
33,7,23.050717238918153,0.8160000000000001,23.12628042425186,2.48
33,8,23.047283390162452,0.676,23.126300715626257,2.4299999999999997
33,9,23.04206638093779,0.51,23.124884880940353,2.27
33,10,23.03970029228793,0.42,23.130175316119917,2.29
33,11,23.035245545221684,0.252,23.131247448752866,2.21
33,12,23.033286960027024,0.192,23.133251147113818,2.27
33,13,23.031947294046688,0.132,23.135460473371925,2.2800000000000002
33,14,23.03058749453655,0.104,23.136388690008115,2.2399999999999998
33,15,23.029726746330443,0.068,23.136134043042865,2.15
33,16,23.028882101390483,0.04,23.138222010900655,2.13
33,17,23.02818978959848,0.024,23.13807779473391,2.11
33,18,23.027852743416332,0.016,23.138791904642396,2.1
33,19,23.02757332941796,0.012,23.139757783630895,2.11
33,20,23.027347369351354,0.01,23.140795765690914,2.13
33,21,23.02717472619019,0.004,23.14133089344946,2.11
33,22,23.027028516015335,0.0,23.14201872356205,2.11
33,23,23.026911338754314,0.0,23.142465191095912,2.08
33,24,23.02681687041389,0.0,23.1430367781428,2.06
33,25,23.026744130634512,0.0,23.143569856390084,2.0500000000000003
33,26,23.026677480524626,0.0,23.143972438607197,2.0500000000000003
33,27,23.026620746869316,0.0,23.144388544630882,2.0500000000000003
33,28,23.026574680345774,0.0,23.144802905283598,2.04
33,29,23.026533154422687,0.0,23.145152600090235,2.04
33,30,23.026498215258325,0.0,23.145523414386457,2.0500000000000003
33,31,23.02646765903401,0.0,23.145958731200356,2.06
33,32,23.026440842691354,0.0,23.146305870232514,2.0500000000000003
33,33,23.02641640912654,0.0,23.14661452744627,2.0500000000000003
33,34,23.02639523955619,0.0,23.14699148880661,2.04
33,35,23.026376044245207,0.0,23.14725891025591,2.04
33,36,23.02635927836801,0.0,23.147646610320486,2.04
33,37,23.026343074611734,0.0,23.147870218964716,2.0500000000000003
33,38,23.02632931611719,0.0,23.148192637759273,2.0500000000000003
33,39,23.026316492525275,0.0,23.148436209077587,2.0500000000000003
33,40,23.026304309528935,0.0,23.14869093686823,2.06
33,41,23.026293535068472,0.0,23.14895991966079,2.06
33,42,23.02628368318274,0.0,23.14920459763394,2.0500000000000003
33,43,23.026274157400863,0.0,23.149445453151603,2.0500000000000003
33,44,23.02626520957041,0.0,23.1496206191168,2.0500000000000003
33,45,23.026257194480145,0.0,23.149882765536763,2.06
33,46,23.026249319987432,0.0,23.150083764995145,2.0500000000000003
33,47,23.02624239602463,0.0,23.15027429120465,2.0500000000000003
33,48,23.026235641758927,0.0,23.15045230884868,2.06
33,49,23.026229149704083,0.0,23.15068984263701,2.06
33,50,23.02622331621198,0.0,23.15083717267741,2.04
33,51,23.026217603054164,0.0,23.151045548787362,2.04
33,52,23.02621239851608,0.0,23.15118029680959,2.04
33,53,23.02620727778223,0.0,23.15134850765227,2.0500000000000003
33,54,23.02620249561012,0.0,23.151512459728995,2.04
33,55,23.02619796863062,0.0,23.151659440369496,2.04
33,56,23.026193617447788,0.0,23.151826329472446,2.04
33,57,23.026189563430318,0.0,23.151949119009036,2.04
33,58,23.0261856136158,0.0,23.15209864635017,2.04
33,59,23.026182013847187,0.0,23.152218904064334,2.04
33,60,23.026178404334782,0.0,23.152353942180287,2.03
34,0,23.203415648069875,5.704,23.204478676707733,5.52
34,1,23.142946926897686,3.73,23.160194666948613,4.09
34,2,23.111012747996767,2.742,23.14369339364358,3.58
34,3,23.098233788190335,2.294,23.141727028592083,3.3099999999999996
34,4,23.080234247719197,1.702,23.13276746217592,3.01
34,5,23.074841936484074,1.536,23.13604572873691,2.94
34,6,23.06304392203157,1.1440000000000001,23.13064484988467,2.79
34,7,23.055585880965985,0.922,23.128013254966422,2.54
34,8,23.046030745913825,0.618,23.123553417416534,2.41
34,9,23.04396714672031,0.5780000000000001,23.12743350091477,2.4299999999999997
34,10,23.042022307563805,0.51,23.13084098295361,2.35
34,11,23.037075478161707,0.306,23.13207796954029,2.42
34,12,23.034330213714405,0.216,23.13250652251306,2.35
34,13,23.032163324271984,0.154,23.13433140657639,2.33
34,14,23.03080684902771,0.1,23.135640461776692,2.37
34,15,23.02976077301741,0.066,23.137067636976408,2.37
34,16,23.02894761757934,0.034,23.137870207176245,2.36
34,17,23.028442982147077,0.016,23.138616498637052,2.31
34,18,23.028064003693814,0.008,23.13893890584527,2.3
34,19,23.02780454249255,0.008,23.13960536726817,2.31
34,20,23.027585959699568,0.008,23.139858844179233,2.3
34,21,23.027415469787503,0.008,23.140304487178877,2.29
34,22,23.027270942755745,0.008,23.140718477891983,2.27
34,23,23.027157253703102,0.006,23.141007104813454,2.26
34,24,23.02706057144925,0.004,23.14143329592759,2.22
34,25,23.026975366494508,0.004,23.141810922034807,2.19
34,26,23.026902705782707,0.002,23.142167516932787,2.17
34,27,23.02684345712008,0.002,23.1424928055573,2.1399999999999997
34,28,23.02678859392757,0.002,23.142789922284074,2.1399999999999997
34,29,23.026740260115186,0.002,23.14312878591289,2.16
34,30,23.02669757588314,0.002,23.143394189893115,2.15
34,31,23.026659374451555,0.0,23.143680972963,2.1399999999999997
34,32,23.02662670643997,0.0,23.143891719448472,2.1399999999999997
34,33,23.0265956918395,0.0,23.144150240824175,2.13
34,34,23.026569144596127,0.0,23.144435478546377,2.1399999999999997
34,35,23.02654476835956,0.0,23.14466115196029,2.15
34,36,23.02652277544003,0.0,23.144872527271357,2.16
34,37,23.026502785879984,0.0,23.14508310374423,2.17
34,38,23.026484769023767,0.0,23.145279464475905,2.17
34,39,23.026468820798808,0.0,23.145478905094595,2.17
34,40,23.026453911801923,0.0,23.14567282329117,2.16
34,41,23.026440266070942,0.0,23.145855112887073,2.16
34,42,23.026427592562897,0.0,23.146027543373748,2.17
34,43,23.02641610125371,0.0,23.146184601584746,2.16
34,44,23.026405763833065,0.0,23.14632729554511,2.17
34,45,23.026395699310644,0.0,23.14647839347328,2.16
34,46,23.02638681717187,0.0,23.146618981816236,2.16
34,47,23.02637807715137,0.0,23.14675378499964,2.16
34,48,23.026370400290265,0.0,23.146887242178643,2.16
34,49,23.02636312258687,0.0,23.147008213517267,2.15
34,50,23.02635627131085,0.0,23.14713026078515,2.15
34,51,23.02635000356714,0.0,23.147241259728176,2.16
34,52,23.026344083031724,0.0,23.147358422028198,2.15
34,53,23.02633850800113,0.0,23.147462759317957,2.16
34,54,23.02633338283386,0.0,23.147560161979612,2.16
34,55,23.02632836756251,0.0,23.147656125570123,2.16
34,56,23.026323952858323,0.0,23.14775879898274,2.16
34,57,23.02631949451723,0.0,23.14784166712207,2.16
34,58,23.02631557422617,0.0,23.14793867659251,2.17
34,59,23.026311687297067,0.0,23.148010787676593,2.17
34,60,23.026308108102093,0.0,23.148094855610484,2.17
